1000101019,4555,1549,19,11,13,13,37,42,0.102678,-1.308483,88.674255,20.400000
1000101019,4554,1550,19,11,13,13,37,45,0.104645,-1.066168,88.938210,20.299999
1000101019,4555,1551,19,11,13,13,37,47,0.105106,-1.055610,88.936668,20.400000
1000101019,4558,1552,19,11,13,13,37,49,0.111654,-1.055424,88.940315,20.400000
1000101019,4555,1553,19,11,13,13,37,52,0.100349,-1.056237,88.938522,20.299999
1000101019,4557,1554,19,11,13,13,37,54,0.105227,-1.059137,88.939705,20.299999
1000101019,4555,1555,19,11,13,13,37,57,0.105754,-1.054039,88.940720,20.299999
1000101019,4555,1556,19,11,13,13,37,59,0.103667,-1.054358,88.934448,20.299999
1000101019,4558,1557,19,11,13,13,38,1,0.105337,-0.987385,89.015167,20.299999
1000101019,4557,1558,19,11,13,13,38,4,0.104128,-0.957173,89.042068,20.299999
1000101019,4557,1559,19,11,13,13,38,6,0.104073,-0.999943,88.993736,20.200001
1000101019,4557,1560,19,11,13,13,38,8,0.104052,-1.000075,88.999252,20.200001
1000101019,4557,1561,19,11,13,13,38,11,0.106666,-0.998394,88.994759,20.200001
1000101019,4557,1562,19,11,13,13,38,13,0.105776,-0.995691,88.997238,20.200001
1000101019,4558,1563,19,11,13,13,38,16,0.103184,-0.997152,88.994385,20.200001
1000101019,4557,1564,19,11,13,13,38,18,0.105315,-0.996801,88.997948,20.200001
1000101019,4558,1565,19,11,13,13,38,20,0.098701,-0.999404,88.996429,20.200001
1000101019,4558,1566,19,11,13,13,38,23,0.105941,-0.998822,88.996246,20.200001
1000101019,4557,1567,19,11,13,13,38,25,0.104480,-0.997921,88.996292,20.200001
1000101019,4558,1568,19,11,13,13,38,28,0.107029,-0.998339,88.996399,20.100000
1000101019,4558,1569,19,11,13,13,38,30,0.104623,-0.997174,88.996605,20.100000
1000101019,4560,1570,19,11,13,13,38,32,0.104403,-0.996548,88.999527,20.100000
1000101019,4557,1571,19,11,13,13,38,35,0.102733,-0.994175,88.997406,20.100000
1000101019,4558,1572,19,11,13,13,38,37,0.103920,-0.996570,88.997032,20.100000
1000101019,4558,1573,19,11,13,13,38,40,0.103843,-0.996877,88.996475,20.100000
1000101019,4557,1574,19,11,13,13,38,42,0.104447,-0.999196,88.996742,20.100000
1000101019,4558,1575,19,11,13,13,38,44,0.105645,-0.996779,88.997520,20.100000
1000101019,4560,1576,19,11,13,13,38,47,0.103557,-0.999745,88.997589,20.000000
1000101019,4558,1577,19,11,13,13,38,49,0.100975,-0.997745,88.998291,20.000000
1000101019,4558,1578,19,11,13,13,38,51,0.104952,-0.996757,88.996696,20.100000
1000101019,4557,1579,19,11,13,13,38,54,0.104930,-0.995493,88.997536,20.000000
1000101019,4560,1580,19,11,13,13,38,56,0.106996,-0.997438,88.997681,20.000000
1000101019,4558,1581,19,11,13,13,38,59,0.103184,-0.998163,88.997894,20.000000
1000101019,4558,1582,19,11,13,13,39,1,0.105798,-0.997537,88.998360,20.000000
1000101019,4555,1583,19,11,13,13,39,3,0.106908,-0.996207,88.995499,20.000000
1000101019,4558,1584,19,11,13,13,39,6,0.103887,-0.996888,88.998032,20.000000
1000101019,4560,1585,19,11,13,13,39,8,0.102448,-0.994032,89.019554,20.000000
1000101019,4558,1586,19,11,13,13,39,11,0.101931,-0.912030,89.083588,20.000000
1000101019,4557,1587,19,11,13,13,39,13,0.103008,-0.912360,89.084221,20.000000
1000101019,4558,1588,19,11,13,13,39,15,0.101547,-0.913217,89.081223,20.000000
1000101019,4557,1589,19,11,13,13,39,18,0.102228,-0.914919,89.078514,20.000000
1000101019,4558,1590,19,11,13,13,39,20,0.099624,-0.912645,89.080620,20.000000
1000101019,4558,1591,19,11,13,13,39,23,0.103997,-0.913667,89.081169,20.000000
1000101019,4557,1592,19,11,13,13,39,25,0.101656,-0.912491,89.081635,20.000000
1000101019,4557,1593,19,11,13,13,39,27,0.106479,-0.914601,89.081451,20.000000
1000101019,4560,1594,19,11,13,13,39,30,0.105216,-0.915557,89.078812,19.900000
1000101019,4560,1595,19,11,13,13,39,32,0.104623,-0.914183,89.081253,20.000000
1000101019,4557,1596,19,11,13,13,39,34,0.102975,-0.914502,89.080154,20.000000
1000101019,4558,1597,19,11,13,13,39,37,0.103689,-0.912645,89.080727,19.900000
1000101019,4558,1598,19,11,13,13,39,39,0.103217,-0.912997,89.080345,19.900000
1000101019,4560,1599,19,11,13,13,39,42,0.099250,-0.915073,89.081184,19.900000
1000101019,4558,1600,19,11,13,13,39,44,0.104930,-0.914282,89.080704,19.900000
1000101019,4558,1601,19,11,13,13,39,46,0.103184,-0.913601,89.080605,19.900000
1000101019,4558,1602,19,11,13,13,39,49,0.103326,-0.914766,89.082771,19.900000
1000101019,4557,1603,19,11,13,13,39,51,0.104414,-0.913722,89.079979,19.900000
1000101019,4560,1604,19,11,13,13,39,54,0.102250,-0.912513,89.081001,19.900000
1000101019,4557,1605,19,11,13,13,39,56,0.103491,-0.912579,89.080116,19.900000
1000101019,4558,1606,19,11,13,13,39,58,0.104502,-0.912173,89.079407,19.900000
1000101019,4560,1607,19,11,13,13,40,1,0.104019,-0.912393,89.081024,19.900000
1000101019,4558,1608,19,11,13,13,40,3,0.104612,-0.912217,89.083344,19.900000
1000101019,4560,1609,19,11,13,13,40,5,0.102997,-0.913777,89.081818,19.900000
1000101019,4560,1610,19,11,13,13,40,8,0.105765,-0.914832,89.078140,19.900000
1000101019,4557,1611,19,11,13,13,40,10,0.102008,-0.912865,89.077072,19.900000
1000101019,4557,1612,19,11,13,13,40,13,0.099163,-0.912601,89.082291,19.900000
1000101019,4558,1613,19,11,13,13,40,15,0.101481,-0.908196,89.087196,19.900000
1000101019,4560,1614,19,11,13,13,40,17,0.104194,-0.909240,89.084587,19.900000
1000101019,4558,1615,19,11,13,13,40,20,0.106644,-0.908580,89.088249,19.900000
1000101019,4558,1616,19,11,13,13,40,22,0.102480,-0.916183,89.071800,19.900000
1000101019,4558,1617,19,11,13,13,40,25,0.102283,-0.923368,89.071266,19.900000
1000101019,4560,1618,19,11,13,13,40,27,0.103414,-0.919753,89.073151,19.900000
1000101019,4560,1619,19,11,13,13,40,29,0.102184,-0.921533,89.072792,19.900000
1000101019,4560,1620,19,11,13,13,40,32,0.103228,-0.922928,89.073326,19.900000
1000101019,4558,1621,19,11,13,13,40,34,0.103964,-0.919039,89.070854,19.900000
1000101019,4560,1622,19,11,13,13,40,37,0.103612,-0.923357,89.072769,19.799999
1000101019,4557,1623,19,11,13,13,40,39,0.104260,-0.921050,89.072830,19.799999
1000101019,4558,1624,19,11,13,13,40,41,0.103184,-0.921577,89.071808,19.900000
1000101019,4555,1625,19,11,13,13,40,44,0.102766,-0.917260,89.075851,19.799999
1000101019,4561,1626,19,11,13,13,40,46,0.106512,-0.918237,89.074944,19.799999
1000101019,4560,1627,19,11,13,13,40,48,0.102843,-0.920775,89.076073,19.900000
1000101019,4557,1628,19,11,13,13,40,51,0.103623,-0.918281,89.075737,19.799999
1000101019,4558,1629,19,11,13,13,40,53,0.104634,-0.919028,89.074791,19.799999
1000101019,4560,1630,19,11,13,13,40,56,0.103788,-0.922137,89.076622,19.799999
1000101019,4558,1631,19,11,13,13,40,58,0.102458,-0.918951,89.076530,19.900000
1000101019,4558,1632,19,11,13,13,41,0,0.104590,-0.913645,89.078468,19.900000
1000101019,4560,1633,19,11,13,13,41,3,0.103546,-0.916655,89.077774,19.900000
1000101019,4555,1634,19,11,13,13,41,5,0.103447,-0.914876,89.080872,19.799999
1000101019,4558,1635,19,11,13,13,41,8,0.103920,-0.911635,89.080544,19.799999
1000101019,4563,1636,19,11,13,13,41,10,0.104952,-0.913436,89.080475,19.799999
1000101019,4560,1637,19,11,13,13,41,12,0.104139,-0.911953,89.083611,19.799999
1000101019,4558,1638,19,11,13,13,41,15,0.104854,-0.909031,89.084946,19.799999
1000101019,4557,1639,19,11,13,13,41,17,0.102832,-0.909646,89.084709,19.799999
1000101019,4560,1640,19,11,13,13,41,19,0.100701,-0.911239,89.085358,19.799999
1000101019,4560,1641,19,11,13,13,41,22,0.104030,-0.908789,89.086174,19.799999
1000101019,4560,1642,19,11,13,13,41,24,0.100865,-0.907185,89.087601,19.799999
1000101019,4560,1643,19,11,13,13,41,27,0.105974,-0.906833,89.089600,19.799999
1000101019,4560,1644,19,11,13,13,41,29,0.101744,-0.905713,89.091240,19.799999
1000101019,4560,1645,19,11,13,13,41,31,0.106095,-0.904197,89.090157,19.799999
1000101019,4560,1646,19,11,13,13,41,34,0.102491,-0.905757,89.086456,19.799999
1000101019,4560,1647,19,11,13,13,41,36,0.103788,-0.906053,89.089630,19.799999
1000101019,4560,1648,19,11,13,13,41,39,0.105425,-0.904351,89.091782,19.799999
1000101019,4560,1649,19,11,13,13,41,41,0.106062,-0.902043,89.091728,19.799999
1000101019,4560,1650,19,11,13,13,41,43,0.100195,-0.901703,89.092751,19.799999
1000101019,4558,1651,19,11,13,13,41,46,0.104623,-0.902802,89.092804,19.799999
1000101019,4560,1652,19,11,13,13,41,48,0.101305,-0.904515,89.090050,19.799999
1000101019,4560,1653,19,11,13,13,41,51,0.102195,-0.900363,89.095329,19.799999
1000101019,4560,1654,19,11,13,13,41,53,0.103118,-0.899198,89.093254,19.799999
1000101019,4560,1655,19,11,13,13,41,55,0.104238,-0.900165,89.092171,19.799999
1000101019,4561,1656,19,11,13,13,41,58,0.105117,-0.899583,89.094040,19.799999
1000101019,4560,1657,19,11,13,13,42,0,0.101667,-0.898330,89.097855,19.799999
1000101019,4560,1658,19,11,13,13,42,2,0.105172,-0.897715,89.096031,19.799999
1000101019,4560,1659,19,11,13,13,42,5,0.104447,-0.896495,89.096970,19.799999
1000101019,4560,1660,19,11,13,13,42,7,0.101722,-0.896177,89.096588,19.799999
1000101019,4558,1661,19,11,13,13,42,10,0.101997,-0.898066,89.095772,19.799999
1000101019,4560,1662,19,11,13,13,42,12,0.104766,-0.895056,89.098442,19.799999
1000101019,4558,1663,19,11,13,13,42,14,0.104128,-0.893661,89.100830,19.799999
1000101019,4560,1664,19,11,13,13,42,17,0.102008,-0.893793,89.098373,19.799999
1000101019,4560,1665,19,11,13,13,42,19,0.102645,-0.892661,89.102661,19.799999
1000101019,4560,1666,19,11,13,13,42,22,0.104106,-0.892343,89.101540,19.700001
1000101019,4558,1667,19,11,13,13,42,24,0.100514,-0.892321,89.100929,19.799999
1000101019,4560,1668,19,11,13,13,42,26,0.103228,-0.892057,89.104057,19.799999
1000101019,4558,1669,19,11,13,13,42,29,0.104128,-0.888739,89.103333,19.799999
1000101019,4560,1670,19,11,13,13,42,31,0.103195,-0.889178,89.106071,19.799999
1000101019,4558,1671,19,11,13,13,42,34,0.104315,-0.887706,89.104942,19.700001
1000101019,4560,1672,19,11,13,13,42,36,0.102645,-0.887981,89.103745,19.700001
1000101019,4557,1673,19,11,13,13,42,38,0.104282,-0.884542,89.108131,19.700001
1000101019,4560,1674,19,11,13,13,42,41,0.100920,-0.884883,89.108803,19.700001
1000101019,4560,1675,19,11,13,13,42,43,0.101536,-0.885103,89.107689,19.799999
1000101019,4558,1676,19,11,13,13,42,45,0.103436,-0.884103,89.111008,19.799999
1000101019,4560,1677,19,11,13,13,42,48,0.099690,-0.882543,89.111725,19.700001
1000101019,4558,1678,19,11,13,13,42,50,0.105820,-0.883773,89.110947,19.700001
1000101019,4560,1679,19,11,13,13,42,53,0.101426,-0.882521,89.112061,19.700001
1000101019,4558,1680,19,11,13,13,42,55,0.101129,-0.880093,89.111115,19.700001
1000101019,4560,1681,19,11,13,13,42,57,0.104854,-0.880653,89.113892,19.700001
1000101019,4557,1682,19,11,13,13,43,0,0.101107,-0.880532,89.114365,19.700001
1000101019,4560,1683,19,11,13,13,43,2,0.102876,-0.875962,89.114944,19.799999
1000101019,4560,1684,19,11,13,13,43,5,0.104271,-0.875544,89.116089,19.700001
1000101019,4558,1685,19,11,13,13,43,7,0.100635,-0.875270,89.115540,19.700001
1000101019,4557,1686,19,11,13,13,43,9,0.102953,-0.875522,89.118706,19.700001
1000101019,4560,1687,19,11,13,13,43,12,0.105436,-0.873754,89.119972,19.700001
1000101019,4558,1688,19,11,13,13,43,14,0.105337,-0.871227,89.121101,19.700001
1000101019,4557,1689,19,11,13,13,43,17,0.100316,-0.875632,89.122337,19.700001
1000101019,4560,1690,19,11,13,13,43,19,0.101184,-0.872281,89.122269,19.700001
1000101019,4558,1691,19,11,13,13,43,21,0.102612,-0.875457,89.118553,19.700001
1000101019,4560,1692,19,11,13,13,43,24,0.102964,-0.871117,89.119942,19.700001
1000101019,4560,1693,19,11,13,13,43,26,0.099767,-0.869996,89.122284,19.700001
1000101019,4560,1694,19,11,13,13,43,28,0.102338,-0.871194,89.119308,19.700001
1000101019,4558,1695,19,11,13,13,43,31,0.105315,-0.872029,89.123070,19.700001
1000101019,4560,1696,19,11,13,13,43,33,0.103030,-0.869337,89.126045,19.700001
1000101019,4560,1697,19,11,13,13,43,36,0.101964,-0.866239,89.126251,19.700001
1000101019,4561,1698,19,11,13,13,43,38,0.101404,-0.869897,89.123932,19.700001
1000101019,4560,1699,19,11,13,13,43,40,0.105458,-0.867601,89.126877,19.700001
1000101019,4558,1700,19,11,13,13,43,43,0.102480,-0.868458,89.126244,19.700001
1000101019,4560,1701,19,11,13,13,43,45,0.102294,-0.866920,89.128220,19.700001
1000101019,4560,1702,19,11,13,13,43,48,0.105820,-0.867788,89.129944,19.700001
1000101019,4555,1703,19,11,13,13,43,50,0.103689,-0.865745,89.129959,19.600000
1000101019,4560,1704,19,11,13,13,43,52,0.098899,-0.864503,89.126587,19.700001
1000101019,4560,1705,19,11,13,13,43,55,0.102415,-0.863042,89.130836,19.700001
1000101019,4558,1706,19,11,13,13,43,57,0.103348,-0.864437,89.132538,19.600000
1000101019,4560,1707,19,11,13,13,44,0,0.104414,-0.863119,89.132072,19.700001
1000101019,4560,1708,19,11,13,13,44,2,0.101635,-0.860504,89.134644,19.600000
1000101019,4560,1709,19,11,13,13,44,4,0.102612,-0.859504,89.132660,19.600000
1000101019,4558,1710,19,11,13,13,44,7,0.103326,-0.861460,89.132858,19.600000
1000101019,4558,1711,19,11,13,13,44,9,0.105513,-0.857043,89.135826,19.600000
1000101019,4561,1712,19,11,13,13,44,11,0.101393,-0.855879,89.134491,19.700001
1000101019,4560,1713,19,11,13,13,44,14,0.100184,-0.856945,89.136185,19.600000
1000101019,4558,1714,19,11,13,13,44,16,0.100920,-0.855088,89.138336,19.700001
1000101019,4560,1715,19,11,13,13,44,19,0.101195,-0.853308,89.139503,19.600000
1000101019,4560,1716,19,11,13,13,44,21,0.105930,-0.855560,89.139297,19.700001
1000101019,4560,1717,19,11,13,13,44,23,0.099811,-0.855615,89.140472,19.600000
1000101019,4558,1718,19,11,13,13,44,26,0.102360,-0.852231,89.142166,19.600000
1000101019,4558,1719,19,11,13,13,44,28,0.102404,-0.850913,89.141098,19.700001
1000101019,4558,1720,19,11,13,13,44,31,0.101711,-0.852748,89.139359,19.700001
1000101019,4560,1721,19,11,13,13,44,33,0.099327,-0.848914,89.145905,19.600000
1000101019,4560,1722,19,11,13,13,44,35,0.102173,-0.849375,89.144569,19.600000
1000101019,4558,1723,19,11,13,13,44,38,0.104095,-0.849111,89.144333,19.600000
1000101019,4558,1724,19,11,13,13,44,40,0.104249,-0.849880,89.144455,19.600000
1000101019,4558,1725,19,11,13,13,44,43,0.103766,-0.849518,89.147072,19.600000
1000101019,4558,1726,19,11,13,13,44,45,0.105117,-0.846727,89.147652,19.600000
1000101019,4560,1727,19,11,13,13,44,47,0.105513,-0.847793,89.145691,19.600000
1000101019,4558,1728,19,11,13,13,44,50,0.102623,-0.846486,89.148834,19.600000
1000101019,4558,1729,19,11,13,13,44,52,0.102590,-0.843135,89.150566,19.600000
1000101019,4558,1730,19,11,13,13,44,54,0.106842,-0.843014,89.149048,19.700001
1000101019,4558,1731,19,11,13,13,44,57,0.102799,-0.844124,89.151962,19.600000
1000101019,4560,1732,19,11,13,13,44,59,0.099701,-0.838894,89.153893,19.600000
1000101019,4558,1733,19,11,13,13,45,2,0.102678,-0.838553,89.152359,19.600000
1000101019,4558,1734,19,11,13,13,45,4,0.099316,-0.840542,89.150635,19.600000
1000101019,4560,1735,19,11,13,13,45,6,0.106875,-0.840015,89.153252,19.600000
1000101019,4558,1736,19,11,13,13,45,9,0.102513,-0.838685,89.160706,19.600000
1000101019,4560,1737,19,11,13,13,45,11,0.102349,-0.837499,89.154518,19.600000
1000101019,4558,1738,19,11,13,13,45,14,0.106073,-0.838553,89.153320,19.600000
1000101019,4557,1739,19,11,13,13,45,16,0.104315,-0.836356,89.154549,19.600000
1000101019,4560,1740,19,11,13,13,45,18,0.102140,-0.838400,89.155090,19.600000
1000101019,4558,1741,19,11,13,13,45,21,0.104084,-0.838191,89.151657,19.700001
1000101019,4558,1742,19,11,13,13,45,23,0.101613,-0.839828,89.151924,19.600000
1000101019,4560,1743,19,11,13,13,45,25,0.104315,-0.836027,89.155067,19.600000
1000101019,4560,1744,19,11,13,13,45,28,0.102437,-0.839202,89.153786,19.600000
1000101019,4560,1745,19,11,13,13,45,30,0.103271,-0.837587,89.153488,19.600000
1000101019,4558,1746,19,11,13,13,45,33,0.103458,-0.838015,89.155670,19.600000
1000101019,4560,1747,19,11,13,13,45,35,0.106688,-0.837949,89.155807,19.600000
1000101019,4558,1748,19,11,13,13,45,37,0.101206,-0.838575,89.157120,19.600000
1000101019,4558,1749,19,11,13,13,45,40,0.100646,-0.837158,89.153214,19.600000
1000101019,4558,1750,19,11,13,13,45,42,0.105425,-0.837565,89.155304,19.600000
1000101019,4560,1751,19,11,13,13,45,45,0.101503,-0.838279,89.155502,19.600000
1000101019,4560,1752,19,11,13,13,45,47,0.099558,-0.838026,89.158478,19.600000
1000101019,4560,1753,19,11,13,13,45,49,0.101733,-0.837664,89.155884,19.600000
1000101019,4560,1754,19,11,13,13,45,52,0.105117,-0.838191,89.153587,19.600000
1000101019,4560,1755,19,11,13,13,45,54,0.104930,-0.838224,89.157127,19.600000
1000101019,4560,1756,19,11,13,13,45,57,0.102909,-0.836774,89.152603,19.600000
1000101019,4558,1757,19,11,13,13,45,59,0.102821,-0.835708,89.158424,19.600000
1000101019,4558,1758,19,11,13,13,46,1,0.102140,-0.837301,89.157028,19.600000
