1000101022,4552,372,19,11,13,14,7,53,0.648105,-0.790928,88.969017,19.600000
1000101022,4552,373,19,11,13,14,7,56,0.580111,-1.069552,88.891861,19.600000
1000101022,4554,374,19,11,13,14,7,58,0.651116,-0.808253,88.961967,19.600000
1000101022,4552,375,19,11,13,14,8,1,0.658949,-0.792015,88.967018,19.600000
1000101022,4552,376,19,11,13,14,8,3,0.661959,-0.792202,88.968109,19.600000
1000101022,4554,377,19,11,13,14,8,5,0.659388,-0.791862,88.968948,19.600000
1000101022,4554,378,19,11,13,14,8,8,0.663278,-0.790851,88.967606,19.600000
1000101022,4554,379,19,11,13,14,8,10,0.660905,-0.790741,88.967323,19.600000
1000101022,4552,380,19,11,13,14,8,12,0.660817,-0.791389,88.968666,19.600000
1000101022,4554,381,19,11,13,14,8,15,0.662245,-0.792356,88.966125,19.700001
1000101022,4554,382,19,11,13,14,8,17,0.662937,-0.789412,88.964439,19.700001
1000101022,4554,383,19,11,13,14,8,20,0.665013,-0.790378,88.967575,19.700001
1000101022,4555,384,19,11,13,14,8,22,0.663673,-0.790719,88.965126,19.700001
1000101022,4554,385,19,11,13,14,8,24,0.662750,-0.791071,88.964539,19.700001
1000101022,4554,386,19,11,13,14,8,27,0.662212,-0.790719,88.965904,19.700001
1000101022,4554,387,19,11,13,14,8,29,0.667980,1.384552,83.618584,19.700001
1000101022,4555,388,19,11,13,14,8,32,6.747254,21.816765,66.987213,19.700001
1000101022,4554,389,19,11,13,14,8,34,6.980897,21.930641,65.634171,19.600000
1000101022,4554,390,19,11,13,14,8,36,7.796919,25.814182,62.194172,19.700001
1000101022,4554,391,19,11,13,14,8,39,8.513251,28.037600,60.411457,19.700001
1000101022,4555,392,19,11,13,14,8,41,8.566517,28.107388,60.371758,19.700001
1000101022,4555,393,19,11,13,14,8,43,8.564097,28.110235,60.380383,19.600000
1000101022,4554,394,19,11,13,14,8,46,8.565691,28.110403,60.379372,19.700001
1000101022,4554,395,19,11,13,14,8,48,8.851301,33.397945,49.397408,19.700001
1000101022,4554,396,19,11,13,14,8,51,13.695378,56.219791,28.829784,19.700001
1000101022,4554,397,19,11,13,14,8,53,14.283540,56.085239,30.140085,19.700001
1000101022,4554,398,19,11,13,14,8,55,14.246807,56.012882,30.126047,19.700001
1000101022,4554,399,19,11,13,14,8,58,14.242884,56.011803,30.123375,19.700001
1000101022,4555,400,19,11,13,14,9,0,14.242334,56.009865,30.122795,19.700001
1000101022,4554,401,19,11,13,14,9,2,14.804480,64.342415,14.255324,19.700001
1000101022,4555,402,19,11,13,14,9,5,16.041424,73.635956,1.778269,19.700001
1000101022,4554,403,19,11,13,14,9,7,16.023727,73.971992,0.036431,19.700001
1000101022,4555,404,19,11,13,14,9,10,16.011110,73.982185,-0.218859,19.700001
1000101022,4555,405,19,11,13,14,9,12,16.009123,73.978783,-0.221990,19.600000
1000101022,4554,406,19,11,13,14,9,14,16.010635,73.978317,-0.223374,19.600000
1000101022,4555,407,19,11,13,14,9,17,16.009989,73.981407,-0.223352,19.600000
1000101022,4555,408,19,11,13,14,9,19,16.005148,73.447075,-9.720629,19.700001
1000101022,4554,409,19,11,13,14,9,22,13.963701,57.974140,-28.458351,19.700001
1000101022,4555,410,19,11,13,14,9,24,13.334933,56.258289,-30.435736,19.600000
1000101022,4554,411,19,11,13,14,9,26,13.294666,56.160610,-30.477331,19.700001
1000101022,4555,412,19,11,13,14,9,29,13.294013,56.159615,-30.477762,19.700001
1000101022,4554,413,19,11,13,14,9,31,13.292235,56.159916,-30.476294,19.700001
1000101022,4555,414,19,11,13,14,9,33,13.293481,56.160011,-30.473173,19.700001
1000101022,4555,415,19,11,13,14,9,36,13.292831,56.158768,-30.476435,19.700001
1000101022,4555,416,19,11,13,14,9,38,12.192658,44.861790,-48.989075,19.600000
1000101022,4554,417,19,11,13,14,9,41,7.032191,27.949379,-61.028347,19.600000
1000101022,4554,418,19,11,13,14,9,43,6.905388,28.017370,-60.998833,19.700001
1000101022,4554,419,19,11,13,14,9,45,6.902519,28.015652,-60.995434,19.700001
1000101022,4554,420,19,11,13,14,9,48,6.902599,28.017033,-60.996059,19.600000
1000101022,4555,421,19,11,13,14,9,50,6.897953,28.016094,-60.994228,19.600000
1000101022,4555,422,19,11,13,14,9,52,4.898034,14.390152,-81.636703,19.700001
1000101022,4554,423,19,11,13,14,9,55,-0.356177,0.829786,-89.085770,19.600000
1000101022,4555,424,19,11,13,14,9,57,-0.988187,-0.126057,-89.010834,19.700001
1000101022,4555,425,19,11,13,14,10,0,-0.988605,-0.125750,-89.008797,19.700001
1000101022,4555,426,19,11,13,14,10,2,-0.986781,-0.123640,-89.011154,19.600000
1000101022,4555,427,19,11,13,14,10,4,-0.988396,-0.121300,-89.009705,19.700001
1000101022,4555,428,19,11,13,14,10,7,-0.990253,-0.123695,-89.010223,19.700001
1000101022,4554,429,19,11,13,14,10,9,-3.506715,-14.966428,-68.247932,19.600000
1000101022,4555,430,19,11,13,14,10,12,-9.070922,-30.595360,-57.095505,19.600000
1000101022,4555,431,19,11,13,14,10,14,-9.995298,-33.877335,-54.613758,19.600000
1000101022,4555,432,19,11,13,14,10,16,-9.530307,-31.534594,-57.394321,19.700001
1000101022,4554,433,19,11,13,14,10,19,-8.893028,-28.945946,-59.360214,19.600000
1000101022,4554,434,19,11,13,14,10,21,-8.846309,-29.111099,-59.320866,19.700001
1000101022,4554,435,19,11,13,14,10,23,-8.848676,-29.117289,-59.317726,19.600000
1000101022,4552,436,19,11,13,14,10,26,-8.850572,-29.119062,-59.316746,19.600000
1000101022,4554,437,19,11,13,14,10,28,-8.850238,-29.117987,-59.318565,19.700001
1000101022,4554,438,19,11,13,14,10,31,-8.848883,-29.117832,-59.318832,19.600000
1000101022,4555,439,19,11,13,14,10,33,-9.892735,-38.929581,-42.596104,19.600000
1000101022,4554,440,19,11,13,14,10,35,-13.659595,-53.820160,-32.108227,19.700001
1000101022,4554,441,19,11,13,14,10,38,-14.227629,-56.016731,-30.106297,19.600000
1000101022,4554,442,19,11,13,14,10,40,-14.268818,-56.043625,-30.089764,19.600000
1000101022,4554,443,19,11,13,14,10,42,-14.269431,-56.044849,-30.088039,19.600000
1000101022,4555,444,19,11,13,14,10,45,-14.270972,-56.044006,-30.090256,19.600000
1000101022,4554,445,19,11,13,14,10,47,-14.268579,-56.043941,-29.124987,19.600000
1000101022,4554,446,19,11,13,14,10,50,-15.655590,-70.907730,-5.950554,19.600000
1000101022,4554,447,19,11,13,14,10,52,-16.057529,-73.474190,-3.152571,19.600000
1000101022,4555,448,19,11,13,14,10,54,-16.056181,-73.930511,-0.480201,19.600000
1000101022,4555,449,19,11,13,14,10,57,-16.042452,-73.955780,-0.337808,19.600000
1000101022,4554,450,19,11,13,14,10,59,-16.044243,-73.956108,-0.334797,19.600000
1000101022,4554,451,19,11,13,14,11,1,-16.043842,-73.956665,-0.332369,19.600000
1000101022,4554,452,19,11,13,14,11,4,-16.044815,-73.956795,-0.335226,19.600000
1000101022,4554,453,19,11,13,14,11,6,-16.044413,-73.957954,1.822808,19.600000
1000101022,4555,454,19,11,13,14,11,9,-15.010997,-62.713730,23.475908,19.600000
1000101022,4554,455,19,11,13,14,11,11,-13.857485,-57.972263,29.059155,19.600000
1000101022,4554,456,19,11,13,14,11,13,-13.499613,-57.024559,29.469944,19.600000
1000101022,4554,457,19,11,13,14,11,16,-13.493040,-57.011944,29.470528,19.600000
1000101022,4554,458,19,11,13,14,11,18,-13.490151,-57.010906,29.471037,19.600000
1000101022,4554,459,19,11,13,14,11,21,-13.490399,-57.014462,29.471800,19.600000
1000101022,4554,460,19,11,13,14,11,23,-13.490810,-57.011723,29.470520,19.600000
1000101022,4554,461,19,11,13,14,11,25,-13.163751,-50.751495,42.781097,19.600000
1000101022,4555,462,19,11,13,14,11,28,-8.046275,-31.808828,57.678856,19.600000
1000101022,4554,463,19,11,13,14,11,30,-7.383936,-29.603664,59.331318,19.600000
1000101022,4554,464,19,11,13,14,11,32,-7.356060,-29.557772,59.361217,19.600000
1000101022,4555,465,19,11,13,14,11,35,-7.358006,-29.556370,59.361813,19.600000
1000101022,4554,466,19,11,13,14,11,37,-7.356730,-29.554937,59.360664,19.600000
1000101022,4554,467,19,11,13,14,11,40,-7.356921,-29.558113,59.361511,19.600000
1000101022,4555,468,19,11,13,14,11,42,-6.990331,-23.279964,72.334709,19.600000
1000101022,4555,469,19,11,13,14,11,44,0.095208,-2.202121,88.798126,19.600000
1000101022,4555,470,19,11,13,14,11,47,0.675110,-0.809407,88.946350,19.600000
1000101022,4555,471,19,11,13,14,11,49,0.686151,-0.791038,88.949944,19.600000
1000101022,4554,472,19,11,13,14,11,51,0.680603,-0.792356,88.951019,19.600000
1000101022,4554,473,19,11,13,14,11,54,0.684393,-0.792290,88.949554,19.600000
1000101022,4554,474,19,11,13,14,11,56,0.680757,-0.791477,88.949028,19.600000
1000101022,4554,475,19,11,13,14,11,59,0.686448,-0.792224,88.950836,19.600000
1000101022,4554,476,19,11,13,14,12,1,0.686393,-0.789631,88.950691,19.600000
1000101022,4554,477,19,11,13,14,12,3,0.687063,-0.791906,88.951385,19.600000
1000101022,4554,478,19,11,13,14,12,6,0.685569,-0.791433,88.950485,19.600000
1000101022,4554,479,19,11,13,14,12,8,0.683448,-0.791818,88.952835,19.600000
1000101022,4554,480,19,11,13,14,12,11,0.522169,-0.762495,88.990356,19.600000
1000101022,4531,481,19,11,13,14,12,15,-7.386362,-2.311644,85.592628,19.600000
1000101022,4551,482,19,11,13,14,12,17,3.388129,-1.948722,80.732101,19.600000
1000101022,4551,483,19,11,13,14,12,20,5.193600,-8.027396,79.949989,19.600000
