1000101022,4328,0,19,11,13,13,53,0,13.686091,-9.395837,73.950157,18.700001
1000101022,4333,1,19,11,13,13,52,59,-5.779686,-16.901297,74.987930,19.000000
1000101022,4334,2,19,11,13,13,53,1,-4.935895,-6.174700,55.242393,19.000000
1000101022,4313,3,19,11,13,13,53,8,24.107456,16.430223,61.574776,19.100000
1000101022,4337,4,19,11,13,13,53,10,24.504583,22.364662,50.688339,19.200001
1000101022,4342,5,19,11,13,13,53,13,20.619291,23.346405,70.448631,19.200001
1000101022,4343,6,19,11,13,13,53,15,15.713304,10.688903,60.401642,19.299999
1000101022,4348,7,19,11,13,13,53,17,21.939959,5.857514,42.753021,19.299999
1000101022,4349,8,19,11,13,13,53,20,29.890755,21.002581,81.039825,19.299999
1000101022,4330,9,19,11,13,13,53,24,0.253367,-0.624716,89.577385,19.299999
1000101022,4355,10,19,11,13,13,53,26,0.247093,-0.156555,89.729713,19.299999
1000101022,4361,11,19,11,13,13,53,29,0.252620,-0.719956,89.217583,19.299999
1000101022,4363,12,19,11,13,13,53,31,0.255905,-0.745873,89.217957,19.299999
1000101022,4366,13,19,11,13,13,53,34,0.253015,-0.739138,89.216194,19.299999
1000101022,4369,14,19,11,13,13,53,36,0.256234,-0.741478,89.215080,19.299999
1000101022,4372,15,19,11,13,13,53,38,0.252828,-0.739764,89.218887,19.299999
1000101022,4377,16,19,11,13,13,53,41,0.254938,-0.740182,89.216377,19.400000
1000101022,4378,17,19,11,13,13,53,43,0.253268,-0.741808,89.215248,19.400000
1000101022,4383,18,19,11,13,13,53,45,0.252235,-0.742203,89.217316,19.400000
1000101022,4384,19,19,11,13,13,53,48,0.255663,-0.742764,89.216263,19.400000
1000101022,4387,20,19,11,13,13,53,50,0.248928,-0.740281,89.217873,19.400000
1000101022,4392,21,19,11,13,13,53,53,0.254465,-0.739698,89.216736,19.400000
1000101022,4395,22,19,11,13,13,53,55,0.254136,-0.737567,89.216423,19.299999
1000101022,4398,23,19,11,13,13,53,57,0.250389,-0.739808,89.216454,19.299999
1000101022,4401,24,19,11,13,13,54,0,0.255037,-0.739424,89.216797,19.400000
1000101022,4404,25,19,11,13,13,54,2,0.253619,-0.738655,89.215912,19.299999
1000101022,4408,26,19,11,13,13,54,4,0.253696,-0.741302,89.216217,19.400000
1000101022,4410,27,19,11,13,13,54,7,0.255696,-0.739918,89.215828,19.400000
1000101022,4414,28,19,11,13,13,54,9,0.254806,-0.739127,89.217163,19.400000
1000101022,4416,29,19,11,13,13,54,12,0.254235,-0.739523,89.219711,19.400000
1000101022,4419,30,19,11,13,13,54,14,0.252235,-0.740435,89.217201,19.400000
1000101022,4422,31,19,11,13,13,54,16,0.250994,-0.739512,89.219002,19.400000
1000101022,4425,32,19,11,13,13,54,19,0.254487,-0.736985,89.218079,19.400000
1000101022,4427,33,19,11,13,13,54,21,0.253356,-0.739281,89.217140,19.400000
1000101022,4433,34,19,11,13,13,54,23,0.251719,-0.739028,89.217918,19.400000
1000101022,4434,35,19,11,13,13,54,26,0.252455,-0.739523,89.215385,19.400000
1000101022,4437,36,19,11,13,13,54,28,0.250763,-0.740709,89.215775,19.400000
1000101022,4440,37,19,11,13,13,54,31,0.255399,-0.741566,89.216270,19.400000
1000101022,4443,38,19,11,13,13,54,33,0.254312,-0.740775,89.215744,19.299999
1000101022,4445,39,19,11,13,13,54,35,0.252576,-0.738710,89.218170,19.400000
1000101022,4448,40,19,11,13,13,54,38,0.253081,-0.739105,89.217735,19.299999
1000101022,4452,41,19,11,13,13,54,40,0.253927,-0.740006,89.217010,19.400000
1000101022,4454,42,19,11,13,13,54,43,0.256739,-0.740347,89.217407,19.299999
1000101022,4458,43,19,11,13,13,54,45,0.254751,-0.739688,89.221931,19.400000
1000101022,4461,44,19,11,13,13,54,47,0.255696,-0.738545,89.217323,19.400000
1000101022,4464,45,19,11,13,13,54,50,0.255531,-0.739094,89.217690,19.400000
1000101022,4466,46,19,11,13,13,54,52,0.254465,-0.740325,89.218346,19.400000
1000101022,4467,47,19,11,13,13,54,54,0.252916,-0.738083,89.218559,19.299999
1000101022,4470,48,19,11,13,13,54,57,0.253235,-0.737589,89.216194,19.400000
1000101022,4473,49,19,11,13,13,54,59,0.253740,-0.738369,89.217857,19.299999
1000101022,4475,50,19,11,13,13,55,2,0.254147,-0.740720,89.218086,19.299999
1000101022,4480,51,19,11,13,13,55,4,0.257563,-0.740424,89.218437,19.400000
1000101022,4481,52,19,11,13,13,55,6,0.254158,-0.741006,89.220207,19.299999
1000101022,4484,53,19,11,13,13,55,9,0.254191,-0.740907,89.218117,19.400000
1000101022,4484,54,19,11,13,13,55,11,0.253729,-0.738534,89.217201,19.400000
1000101022,4489,55,19,11,13,13,55,13,0.253828,-0.737084,89.218895,19.400000
1000101022,4490,56,19,11,13,13,55,16,0.254026,-0.739303,89.216927,19.400000
1000101022,4490,57,19,11,13,13,55,18,0.252751,-0.740391,89.219200,19.400000
1000101022,4493,58,19,11,13,13,55,21,0.255454,-0.739138,89.218330,19.299999
1000101022,4495,59,19,11,13,13,55,23,0.252872,-0.737249,89.217094,19.299999
1000101022,4498,60,19,11,13,13,55,25,0.255125,-0.737260,89.218956,19.400000
1000101022,4498,61,19,11,13,13,55,28,0.255223,-0.737216,89.216072,19.400000
1000101022,4499,62,19,11,13,13,55,30,0.251862,-0.740237,89.217682,19.299999
1000101022,4502,63,19,11,13,13,55,32,0.252806,-0.739127,89.218575,19.299999
1000101022,4504,64,19,11,13,13,55,35,0.253015,-0.740446,89.219620,19.299999
1000101022,4507,65,19,11,13,13,55,37,0.255553,-0.738721,89.216942,19.299999
1000101022,4507,66,19,11,13,13,55,40,0.255245,-0.738534,89.218628,19.299999
1000101022,4508,67,19,11,13,13,55,42,0.253257,-0.738501,89.218895,19.400000
1000101022,4510,68,19,11,13,13,55,44,0.254938,-0.738743,89.217545,19.299999
1000101022,4511,69,19,11,13,13,55,47,0.253938,-0.739127,89.219101,19.400000
1000101022,4511,70,19,11,13,13,55,49,0.255981,-0.739622,89.220665,19.400000
1000101022,4513,71,19,11,13,13,55,51,0.254971,-0.736216,89.219803,19.299999
1000101022,4514,72,19,11,13,13,55,54,0.252949,-0.735919,89.220253,19.299999
1000101022,4517,73,19,11,13,13,55,56,0.253422,-0.738336,89.218658,19.400000
1000101022,4519,74,19,11,13,13,55,59,0.254696,-0.737600,89.215775,19.299999
1000101022,4519,75,19,11,13,13,56,1,0.253993,-0.735974,89.219063,19.299999
1000101022,4520,76,19,11,13,13,56,3,0.251916,-0.739017,89.218040,19.299999
1000101022,4522,77,19,11,13,13,56,6,0.253564,-0.738380,89.218735,19.400000
1000101022,4522,78,19,11,13,13,56,8,0.251136,-0.738073,89.219048,19.299999
1000101022,4522,79,19,11,13,13,56,10,0.253663,-0.737183,89.218842,19.299999
1000101022,4525,80,19,11,13,13,56,13,0.252982,-0.737721,89.217751,19.299999
1000101022,4525,81,19,11,13,13,56,15,0.251960,-0.738589,89.218231,19.299999
1000101022,4528,82,19,11,13,13,56,18,0.250356,-0.737380,89.217911,19.299999
1000101022,4528,83,19,11,13,13,56,20,0.251169,-0.739116,89.217201,19.299999
1000101022,4528,84,19,11,13,13,56,22,0.252740,-0.738896,89.217003,19.299999
1000101022,4530,85,19,11,13,13,56,25,0.252180,-0.737347,89.218597,19.299999
1000101022,4531,86,19,11,13,13,56,27,0.254202,-0.738940,89.220222,19.299999
1000101022,4530,87,19,11,13,13,56,29,0.255278,-0.738611,89.218079,19.299999
1000101022,4533,88,19,11,13,13,56,32,0.256333,-0.736216,89.218239,19.400000
1000101022,4533,89,19,11,13,13,56,34,0.253597,-0.740050,89.220802,19.299999
1000101022,4533,90,19,11,13,13,56,37,0.253477,-0.737446,89.217781,19.299999
1000101022,4533,91,19,11,13,13,56,39,0.465974,-0.744302,88.688759,19.400000
1000101022,4534,92,19,11,13,13,56,41,0.642382,-0.738292,89.149544,19.299999
1000101022,4534,93,19,11,13,13,56,44,0.287886,-0.738962,89.216385,19.299999
1000101022,4536,94,19,11,13,13,56,46,0.263408,-0.739567,89.215569,19.400000
1000101022,4536,95,19,11,13,13,56,49,0.254817,-0.736403,89.217346,19.299999
1000101022,4537,96,19,11,13,13,56,51,0.255696,-0.736589,89.220779,19.299999
1000101022,4537,97,19,11,13,13,56,53,0.255234,-0.738303,89.220497,19.299999
1000101022,4537,98,19,11,13,13,56,56,0.253850,-0.737677,89.218178,19.299999
1000101022,4539,99,19,11,13,13,56,58,0.255344,-0.738062,89.216934,19.299999
1000101022,4540,100,19,11,13,13,57,0,0.254894,-0.739896,89.219368,19.299999
1000101022,4540,101,19,11,13,13,57,3,0.254026,-0.737743,89.216347,19.299999
1000101022,4540,102,19,11,13,13,57,5,0.253740,-0.738457,89.217247,19.299999
1000101022,4540,103,19,11,13,13,57,7,0.251785,-0.736194,89.218155,19.299999
1000101022,4542,104,19,11,13,13,57,10,0.251993,-0.737380,89.217575,19.299999
1000101022,4543,105,19,11,13,13,57,12,0.252015,-0.736963,89.221016,19.299999
1000101022,4543,106,19,11,13,13,57,15,0.252686,-0.737732,89.221733,19.299999
1000101022,4545,107,19,11,13,13,57,17,0.252312,-0.737325,89.221153,19.299999
1000101022,4543,108,19,11,13,13,57,19,0.254531,-0.737633,89.216393,19.400000
1000101022,4543,109,19,11,13,13,57,22,0.255850,-0.738721,89.218330,19.299999
1000101022,4546,110,19,11,13,13,57,24,0.253597,-0.738831,89.218430,19.299999
1000101022,4546,111,19,11,13,13,57,27,0.250631,-0.741357,89.219193,19.299999
1000101022,4545,112,19,11,13,13,57,29,0.253817,-0.738270,89.217178,19.299999
1000101022,4546,113,19,11,13,13,57,31,0.253334,-0.736436,89.217186,19.299999
1000101022,4546,114,19,11,13,13,57,34,0.253367,-0.738051,89.221573,19.299999
1000101022,4546,115,19,11,13,13,57,36,0.252960,-0.736183,89.217903,19.299999
1000101022,4549,116,19,11,13,13,57,38,0.254180,-0.737721,89.219719,19.299999
1000101022,4549,117,19,11,13,13,57,41,0.254740,-0.738721,89.218948,19.299999
1000101022,4549,118,19,11,13,13,57,43,0.251093,-0.738600,89.218681,19.299999
1000101022,4548,119,19,11,13,13,57,46,0.253784,-0.736468,89.219955,19.299999
1000101022,4549,120,19,11,13,13,57,48,0.250796,-0.739567,89.219803,19.299999
1000101022,4549,121,19,11,13,13,57,50,0.256366,-0.738424,89.218834,19.400000
1000101022,4549,122,19,11,13,13,57,53,0.253488,-0.737095,89.219315,19.299999
1000101022,4549,123,19,11,13,13,57,55,0.255037,-0.736271,89.217766,19.299999
1000101022,4549,124,19,11,13,13,57,57,0.253729,-0.737172,89.217308,19.299999
1000101022,4549,125,19,11,13,13,58,0,0.251653,-0.737732,89.218941,19.299999
1000101022,4551,126,19,11,13,13,58,2,0.251642,-0.739292,89.220161,19.299999
1000101022,4549,127,19,11,13,13,58,5,0.253861,-0.738754,89.218063,19.299999
1000101022,4551,128,19,11,13,13,58,7,0.253608,-0.736567,89.217522,19.299999
1000101022,4551,129,19,11,13,13,58,9,0.256234,-0.737457,89.217407,19.299999
1000101022,4551,130,19,11,13,13,58,12,0.252114,-0.738512,89.217445,19.299999
1000101022,4552,131,19,11,13,13,58,14,0.254916,-0.739622,89.220085,19.299999
1000101022,4554,132,19,11,13,13,58,16,0.249642,-0.739017,89.219910,19.299999
1000101022,4552,133,19,11,13,13,58,19,0.253872,-0.738270,89.221527,19.299999
1000101022,4552,134,19,11,13,13,58,21,0.251873,-0.739545,89.218109,19.299999
1000101022,4554,135,19,11,13,13,58,24,0.251158,-0.735732,89.218658,19.299999
1000101022,4554,136,19,11,13,13,58,26,0.255278,-0.738567,89.217384,19.299999
1000101022,4554,137,19,11,13,13,58,28,0.252708,-0.737523,89.220367,19.299999
1000101022,4555,138,19,11,13,13,58,31,0.253510,-0.736996,89.219498,19.299999
1000101022,4554,139,19,11,13,13,58,33,0.253652,-0.737084,89.218269,19.299999
1000101022,4554,140,19,11,13,13,58,36,0.251554,-0.736677,89.219475,19.299999
1000101022,4554,141,19,11,13,13,58,38,0.254718,-0.741401,89.218811,19.299999
1000101022,4555,142,19,11,13,13,58,40,0.252235,-0.736963,89.219078,19.299999
1000101022,4555,143,19,11,13,13,58,43,0.251949,-0.737842,89.219231,19.299999
1000101022,4555,144,19,11,13,13,58,45,0.250708,-0.737996,89.219727,19.299999
1000101022,4554,145,19,11,13,13,58,47,0.254421,-0.738864,89.218208,19.299999
1000101022,4555,146,19,11,13,13,58,50,0.252224,-0.737358,89.218712,19.299999
1000101022,4555,147,19,11,13,13,58,52,0.254268,-0.738710,89.220490,19.299999
1000101022,4554,148,19,11,13,13,58,55,0.253521,-0.739083,89.218315,19.299999
1000101022,4555,149,19,11,13,13,58,57,0.254586,-0.737633,89.219360,19.299999
1000101022,4555,150,19,11,13,13,58,59,0.254773,-0.737029,89.219208,19.299999
1000101022,4555,151,19,11,13,13,59,2,0.252224,-0.738281,89.219322,19.299999
1000101022,4555,152,19,11,13,13,59,4,0.253663,-0.738578,89.219299,19.299999
1000101022,4555,153,19,11,13,13,59,6,0.251620,-0.737996,89.220444,19.299999
1000101022,4555,154,19,11,13,13,59,9,0.253378,-0.736655,89.219604,19.299999
1000101022,4555,155,19,11,13,13,59,11,0.254465,-0.738325,89.219406,19.299999
1000101022,4557,156,19,11,13,13,59,14,0.254674,-0.739303,89.218819,19.299999
1000101022,4555,157,19,11,13,13,59,16,0.254015,-0.736919,89.219856,19.299999
1000101022,4557,158,19,11,13,13,59,18,0.256003,-0.737479,89.219437,19.299999
1000101022,4555,159,19,11,13,13,59,21,0.254872,-0.738149,89.218155,19.299999
1000101022,4555,160,19,11,13,13,59,23,0.254257,-0.738984,89.219147,19.299999
1000101022,4555,161,19,11,13,13,59,25,0.255740,-0.737941,89.219215,19.299999
1000101022,4555,162,19,11,13,13,59,28,0.254399,-0.737996,89.220901,19.299999
1000101022,4557,163,19,11,13,13,59,30,0.253488,-0.737809,89.220505,19.299999
1000101022,4555,164,19,11,13,13,59,33,0.254553,-0.738105,89.221756,19.299999
1000101022,4555,165,19,11,13,13,59,35,0.254564,-0.737644,89.219681,19.299999
1000101022,4555,166,19,11,13,13,59,37,0.256278,-0.737292,89.219810,19.299999
1000101022,4557,167,19,11,13,13,59,40,-0.087407,-0.727614,83.199013,19.299999
1000101022,4555,168,19,11,13,13,59,42,-21.554522,-0.616322,60.143673,19.299999
1000101022,4555,169,19,11,13,13,59,44,-29.989206,-0.597074,60.171719,19.299999
1000101022,4555,170,19,11,13,13,59,47,-29.877285,-0.596151,60.117207,19.299999
1000101022,4555,171,19,11,13,13,59,49,-29.878922,-0.597184,60.118294,19.299999
1000101022,4555,172,19,11,13,13,59,52,-29.874569,-0.596580,60.113728,19.299999
1000101022,4531,173,19,11,13,13,59,56,-44.837475,-0.488134,38.032169,19.299999
1000101022,4554,174,19,11,13,13,59,58,-61.819088,-0.399628,27.830376,19.299999
1000101022,4554,175,19,11,13,14,0,1,-62.795387,-0.400408,28.605623,19.299999
1000101022,4554,176,19,11,13,14,0,3,-60.358082,-0.415338,30.068125,19.299999
1000101022,4555,177,19,11,13,14,0,5,-59.925667,-0.416602,30.071844,19.299999
1000101022,4555,178,19,11,13,14,0,8,-59.924004,-0.416305,30.069099,19.299999
1000101022,4555,179,19,11,13,14,0,10,-59.923664,-0.415580,30.069304,19.299999
1000101022,4554,180,19,11,13,14,0,13,-65.090149,-0.364548,19.848343,19.299999
1000101022,4554,181,19,11,13,14,0,15,-74.557968,-0.319351,13.156552,19.299999
1000101022,4555,182,19,11,13,14,0,17,-81.966057,-0.278317,5.912795,19.299999
1000101022,4555,183,19,11,13,14,0,20,-86.539040,-0.251927,1.478430,19.299999
1000101022,4555,184,19,11,13,14,0,22,-89.403366,-0.243325,0.158148,19.299999
1000101022,4555,185,19,11,13,14,0,25,-89.745224,-0.244490,0.074191,19.299999
1000101022,4555,186,19,11,13,14,0,27,-89.750305,-0.240502,0.076080,19.299999
1000101022,4555,187,19,11,13,14,0,29,-89.751389,-0.241831,0.076124,19.299999
1000101022,4554,188,19,11,13,14,0,32,-89.750656,-0.241062,-4.134892,19.299999
1000101022,4557,189,19,11,13,14,0,34,-72.322693,-0.150535,-26.568054,19.299999
1000101022,4555,190,19,11,13,14,0,36,-59.452164,-0.124893,-31.080372,19.299999
1000101022,4555,191,19,11,13,14,0,39,-60.308697,-0.129562,-29.733179,19.299999
1000101022,4555,192,19,11,13,14,0,41,-60.181389,-0.129474,-29.829710,19.299999
1000101022,4557,193,19,11,13,14,0,44,-60.178673,-0.129792,-29.829458,19.299999
1000101022,4555,194,19,11,13,14,0,46,-60.175068,-0.129880,-29.825205,19.299999
1000101022,4557,195,19,11,13,14,0,48,-60.175911,-0.131825,-29.830391,19.299999
1000101022,4557,196,19,11,13,14,0,51,-54.904839,-0.111489,-45.467861,19.299999
1000101022,4555,197,19,11,13,14,0,53,-31.258070,-0.109336,-60.754101,19.299999
1000101022,4555,198,19,11,13,14,0,55,-28.124914,-0.110292,-61.950001,19.299999
1000101022,4555,199,19,11,13,14,0,58,-28.053993,-0.111050,-61.951408,19.299999
1000101022,4555,200,19,11,13,14,1,0,-28.470890,-0.111050,-60.749630,19.299999
1000101022,4554,201,19,11,13,14,1,3,-30.391424,-0.107303,-59.531654,19.299999
1000101022,4555,202,19,11,13,14,1,5,-30.371822,-0.109039,-59.634071,19.299999
1000101022,4555,203,19,11,13,14,1,7,-30.373415,-0.107897,-59.632381,19.299999
1000101022,4555,204,19,11,13,14,1,10,-30.366148,-0.107271,-59.633938,19.299999
1000101022,4555,205,19,11,13,14,1,12,-28.517370,-0.117070,-69.903252,19.299999
1000101022,4557,206,19,11,13,14,1,15,-14.281865,-0.147228,-82.478439,19.299999
1000101022,4555,207,19,11,13,14,1,17,-1.847384,-0.185801,-89.385956,19.299999
1000101022,4555,208,19,11,13,14,1,19,-0.560654,-0.183658,-89.436462,19.299999
1000101022,4555,209,19,11,13,14,1,22,-0.539121,-0.182516,-89.435852,19.299999
1000101022,4555,210,19,11,13,14,1,24,-0.538429,-0.184724,-89.435600,19.200001
1000101022,4555,211,19,11,13,14,1,26,-0.540890,-0.183582,-89.434906,19.299999
1000101022,4557,212,19,11,13,14,1,29,-0.538462,-0.183054,-89.438210,19.299999
1000101022,4555,213,19,11,13,14,1,31,-0.538033,-0.182823,-89.437271,19.299999
1000101022,4555,214,19,11,13,14,1,34,-0.537144,-0.187042,-89.435181,19.299999
1000101022,4557,215,19,11,13,14,1,36,-0.541033,-0.183669,-89.454987,19.299999
1000101022,4555,216,19,11,13,14,1,38,4.570533,-0.227263,-75.292175,19.299999
1000101022,4555,217,19,11,13,14,1,41,22.154896,-0.299553,-64.239388,19.299999
1000101022,4555,218,19,11,13,14,1,43,29.174940,-0.333842,-60.714031,19.299999
1000101022,4555,219,19,11,13,14,1,45,29.374777,-0.332985,-60.623444,19.299999
1000101022,4555,220,19,11,13,14,1,48,29.372137,-0.333424,-60.626263,19.299999
1000101022,4555,221,19,11,13,14,1,50,29.371880,-0.333501,-60.621941,19.299999
1000101022,4555,222,19,11,13,14,1,53,34.364265,-0.396123,-43.863022,19.299999
1000101022,4555,223,19,11,13,14,1,55,61.653275,-0.531255,-27.739412,19.299999
1000101022,4555,224,19,11,13,14,1,57,61.035072,-0.519873,-29.902458,19.299999
1000101022,4554,225,19,11,13,14,2,0,59.311192,-0.512633,-30.712000,19.299999
1000101022,4555,226,19,11,13,14,2,2,59.328079,-0.511073,-30.664875,19.299999
1000101022,4557,227,19,11,13,14,2,4,59.333450,-0.511952,-30.662416,19.299999
1000101022,4555,228,19,11,13,14,2,7,59.332314,-0.511655,-30.665319,19.299999
1000101022,4555,229,19,11,13,14,2,9,59.331596,-0.512919,-30.663809,19.299999
1000101022,4555,230,19,11,13,14,2,12,69.526299,-0.606138,-8.703277,19.299999
1000101022,4555,231,19,11,13,14,2,14,85.961021,-0.660421,-2.057003,19.299999
1000101022,4555,232,19,11,13,14,2,16,88.794655,-0.672231,-0.715990,19.299999
1000101022,4555,233,19,11,13,14,2,19,89.035019,-0.673330,-0.647216,19.299999
1000101022,4555,234,19,11,13,14,2,21,89.070419,-0.673923,-0.641118,19.299999
1000101022,4555,235,19,11,13,14,2,24,89.072845,-0.674165,-0.640382,19.299999
1000101022,4555,236,19,11,13,14,2,26,89.073349,-0.671770,-0.641250,19.299999
1000101022,4557,237,19,11,13,14,2,28,89.075348,-0.684294,7.452917,19.299999
1000101022,4555,238,19,11,13,14,2,31,64.623749,-0.775129,28.117367,19.299999
1000101022,4555,239,19,11,13,14,2,33,60.517914,-0.780842,29.374493,19.299999
1000101022,4557,240,19,11,13,14,2,35,60.548607,-0.779502,29.435301,19.299999
1000101022,4555,241,19,11,13,14,2,38,60.544636,-0.780359,29.438692,19.299999
1000101022,4557,242,19,11,13,14,2,40,60.545910,-0.779117,29.438906,19.299999
1000101022,4557,243,19,11,13,14,2,43,60.546860,-0.780853,29.439173,19.299999
1000101022,4555,244,19,11,13,14,2,45,57.934391,-0.792817,43.931274,19.299999
1000101022,4557,245,19,11,13,14,2,47,32.668865,-0.803562,58.206352,19.299999
1000101022,4555,246,19,11,13,14,2,50,30.560902,-0.804902,59.541996,19.299999
1000101022,4555,247,19,11,13,14,2,52,30.424713,-0.804771,59.559292,19.299999
1000101022,4555,248,19,11,13,14,2,54,30.424812,-0.804353,59.558937,19.299999
1000101022,4555,249,19,11,13,14,2,57,30.423956,-0.803639,59.559437,19.299999
1000101022,4555,250,19,11,13,14,2,59,29.043245,-0.803892,64.226593,19.299999
1000101022,4555,251,19,11,13,14,3,2,13.241278,-0.767120,82.431892,19.299999
1000101022,4555,252,19,11,13,14,3,4,4.491124,-0.744697,87.622375,19.299999
1000101022,4555,253,19,11,13,14,3,6,0.480081,-0.735546,89.214737,19.299999
1000101022,4555,254,19,11,13,14,3,9,0.254586,-0.736062,89.221161,19.299999
1000101022,4555,255,19,11,13,14,3,11,0.256487,-0.736458,89.220322,19.299999
1000101022,4557,256,19,11,13,14,3,13,0.254861,-0.736666,89.219559,19.299999
1000101022,4555,257,19,11,13,14,3,16,0.252653,-0.738787,89.217606,19.299999
1000101022,4557,258,19,11,13,14,3,18,0.253982,-0.737611,89.220596,19.299999
1000101022,4555,259,19,11,13,14,3,21,0.255520,-0.738105,89.221130,19.299999
1000101022,4555,260,19,11,13,14,3,23,0.252927,-0.733865,89.212341,19.299999
1000101022,4530,261,19,11,13,14,3,27,-0.581814,-0.723505,89.239449,19.299999
1000101022,4554,262,19,11,13,14,3,30,0.227384,-0.724219,89.238396,19.299999
1000101022,4555,263,19,11,13,14,3,32,0.238469,-0.727899,89.235069,19.299999
1000101022,4554,264,19,11,13,14,3,35,0.236602,-0.725164,89.232857,19.299999
1000101022,4552,265,19,11,13,14,3,37,0.235020,-0.791027,89.209915,19.299999
1000101022,4554,266,19,11,13,14,3,39,0.237711,-0.726954,89.233635,19.299999
1000101022,4555,267,19,11,13,14,3,42,0.234053,-0.726427,89.236267,19.400000
1000101022,4554,268,19,11,13,14,3,44,0.238381,-0.725812,89.235817,19.299999
1000101022,4554,269,19,11,13,14,3,46,0.237535,-0.725317,89.233948,19.400000
1000101022,4554,270,19,11,13,14,3,49,0.237360,-0.036552,86.644493,19.400000
1000101022,4554,271,19,11,13,14,3,51,0.369547,21.898193,64.580376,19.400000
1000101022,4555,272,19,11,13,14,3,54,0.434949,29.111141,60.716797,19.400000
1000101022,4554,273,19,11,13,14,3,56,0.441002,29.438410,60.543571,19.400000
1000101022,4555,274,19,11,13,14,3,58,0.439629,29.442745,60.544426,19.400000
1000101022,4554,275,19,11,13,14,4,1,0.438333,29.445957,60.546169,19.400000
1000101022,4555,276,19,11,13,14,4,3,0.438816,29.446648,60.543972,19.400000
1000101022,4552,277,19,11,13,14,4,5,0.438420,29.445507,60.544537,19.400000
1000101022,4554,278,19,11,13,14,4,8,0.468776,44.393734,40.173031,19.400000
1000101022,4552,279,19,11,13,14,4,10,0.468984,61.916252,27.177158,19.400000
1000101022,4555,280,19,11,13,14,4,13,0.465425,62.247662,28.399963,19.400000
1000101022,4552,281,19,11,13,14,4,15,0.469896,59.884167,30.307320,19.500000
1000101022,4554,282,19,11,13,14,4,17,0.474071,59.712677,30.276669,19.400000
1000101022,4554,283,19,11,13,14,4,20,0.468710,59.711861,30.278879,19.400000
1000101022,4554,284,19,11,13,14,4,22,0.473093,59.710476,30.276426,19.400000
1000101022,4555,285,19,11,13,14,4,24,0.472346,59.713161,30.277519,19.500000
1000101022,4554,286,19,11,13,14,4,27,0.472885,59.710911,30.278902,19.500000
1000101022,4554,287,19,11,13,14,4,29,0.472797,59.864429,27.060625,19.500000
1000101022,4552,288,19,11,13,14,4,32,0.407856,83.300537,3.389348,19.400000
1000101022,4554,289,19,11,13,14,4,34,0.341301,89.033386,0.529376,19.400000
1000101022,4554,290,19,11,13,14,4,36,0.335896,89.662338,-0.044308,19.400000
1000101022,4554,291,19,11,13,14,4,39,0.333490,89.655342,-0.067950,19.400000
1000101022,4554,292,19,11,13,14,4,41,0.333798,89.655746,-0.072279,19.400000
1000101022,4554,293,19,11,13,14,4,44,0.333040,89.653618,-0.071993,19.500000
1000101022,4554,294,19,11,13,14,4,46,0.330194,89.654579,-1.840990,19.400000
1000101022,4554,295,19,11,13,14,4,48,0.217782,70.540474,-21.963474,19.500000
1000101022,4554,296,19,11,13,14,4,51,0.141735,66.296379,-27.640594,19.400000
1000101022,4554,297,19,11,13,14,4,53,0.033607,57.447414,-30.649158,19.400000
1000101022,4555,298,19,11,13,14,4,55,0.071818,59.748711,-30.294144,19.500000
1000101022,4554,299,19,11,13,14,4,58,0.071840,59.683128,-30.316500,19.500000
1000101022,4554,300,19,11,13,14,5,0,0.071895,59.682926,-30.315193,19.500000
1000101022,4555,301,19,11,13,14,5,3,0.073982,59.684109,-30.317905,19.400000
1000101022,4554,302,19,11,13,14,5,5,0.070785,59.683323,-30.316898,19.400000
1000101022,4554,303,19,11,13,14,5,7,-0.006833,46.119759,-49.641163,19.400000
1000101022,4554,304,19,11,13,14,5,10,-0.225868,30.619385,-59.631783,19.400000
1000101022,4555,305,19,11,13,14,5,12,-0.232504,29.770962,-60.280003,19.400000
1000101022,4552,306,19,11,13,14,5,14,-0.236019,29.678108,-60.321514,19.400000
1000101022,4554,307,19,11,13,14,5,17,-0.234327,29.678608,-60.320778,19.400000
1000101022,4552,308,19,11,13,14,5,19,-0.241139,29.677336,-60.325260,19.400000
1000101022,4552,309,19,11,13,14,5,22,-0.237491,29.676231,-60.325726,19.400000
1000101022,4554,310,19,11,13,14,5,24,-0.261112,21.709265,-74.602753,19.400000
1000101022,4555,311,19,11,13,14,5,26,-0.496780,1.025486,-89.198700,19.400000
1000101022,4554,312,19,11,13,14,5,29,-0.512732,-0.037573,-89.467659,19.400000
1000101022,4555,313,19,11,13,14,5,31,-0.515555,-0.192393,-89.454758,19.400000
1000101022,4554,314,19,11,13,14,5,33,-0.516566,-0.193898,-89.450844,19.500000
1000101022,4554,315,19,11,13,14,5,36,-0.515050,-0.196117,-89.453415,19.500000
1000101022,4554,316,19,11,13,14,5,38,-0.515149,-0.193865,-89.453690,19.500000
1000101022,4552,317,19,11,13,14,5,41,-0.517819,-0.198281,-89.451805,19.400000
1000101022,4554,318,19,11,13,14,5,43,-0.538890,-8.113008,-75.346947,19.500000
1000101022,4555,319,19,11,13,14,5,45,-0.708322,-30.224922,-59.770290,19.400000
1000101022,4555,320,19,11,13,14,5,48,-0.707410,-29.966555,-60.016449,19.500000
1000101022,4554,321,19,11,13,14,5,50,-0.707684,-29.992020,-60.004658,19.400000
1000101022,4554,322,19,11,13,14,5,53,-0.709541,-29.993542,-60.004383,19.400000
1000101022,4555,323,19,11,13,14,5,55,-0.708102,-29.990313,-60.002594,19.400000
1000101022,4554,324,19,11,13,14,5,57,-0.710760,-29.991909,-60.002914,19.400000
1000101022,4554,325,19,11,13,14,6,0,-0.710750,-34.096966,-50.962208,19.400000
1000101022,4555,326,19,11,13,14,6,2,-0.768054,-55.213490,-33.937672,19.500000
1000101022,4555,327,19,11,13,14,6,4,-0.768186,-59.628242,-30.281561,19.400000
1000101022,4554,328,19,11,13,14,6,7,-0.768812,-59.723103,-30.272190,19.400000
1000101022,4554,329,19,11,13,14,6,9,-0.768911,-59.727661,-30.267429,19.400000
1000101022,4555,330,19,11,13,14,6,12,-0.766143,-59.729385,-30.266575,19.400000
1000101022,4555,331,19,11,13,14,6,14,-0.768461,-59.727360,-29.680719,19.400000
1000101022,4554,332,19,11,13,14,6,16,-0.731876,-81.070053,-3.546409,19.500000
1000101022,4554,333,19,11,13,14,6,19,-0.661794,-89.297920,-0.375699,19.500000
1000101022,4554,334,19,11,13,14,6,21,-0.662564,-89.176826,-0.495176,19.400000
1000101022,4554,335,19,11,13,14,6,23,-0.662080,-89.178619,-0.494703,19.400000
1000101022,4554,336,19,11,13,14,6,26,-0.661619,-89.176476,-0.493594,19.400000
1000101022,4554,337,19,11,13,14,6,28,-0.663223,-89.177940,-0.495341,19.400000
1000101022,4555,338,19,11,13,14,6,31,-0.638932,-81.688431,14.483715,19.400000
1000101022,4555,339,19,11,13,14,6,33,-0.443749,-62.487885,28.347763,19.400000
1000101022,4555,340,19,11,13,14,6,35,-0.414822,-60.818161,29.274776,19.400000
1000101022,4555,341,19,11,13,14,6,38,-0.414459,-60.669601,29.325865,19.400000
1000101022,4554,342,19,11,13,14,6,40,-0.413624,-60.668118,29.326996,19.400000
1000101022,4554,343,19,11,13,14,6,42,-0.411559,-60.666759,29.329813,19.400000
1000101022,4554,344,19,11,13,14,6,45,-0.415822,-60.621262,32.015221,19.400000
1000101022,4554,345,19,11,13,14,6,47,-0.182703,-34.420807,57.203465,19.400000
1000101022,4554,346,19,11,13,14,6,50,-0.080332,-30.769316,59.154469,19.400000
1000101022,4554,347,19,11,13,14,6,52,-0.080035,-30.773045,59.228718,19.400000
1000101022,4554,348,19,11,13,14,6,54,-0.081815,-30.771795,59.228638,19.500000
1000101022,4554,349,19,11,13,14,6,57,-0.083364,-30.771511,59.228088,19.400000
1000101022,4555,350,19,11,13,14,6,59,-0.081760,-30.771776,59.224842,19.400000
1000101022,4554,351,19,11,13,14,7,2,0.002834,-17.362984,78.170181,19.400000
1000101022,4555,352,19,11,13,14,7,4,0.193392,-4.145844,86.744667,19.400000
1000101022,4554,353,19,11,13,14,7,6,0.228032,-1.328214,89.029007,19.400000
1000101022,4555,354,19,11,13,14,7,9,0.233613,-0.748444,89.217903,19.400000
1000101022,4555,355,19,11,13,14,7,11,0.236217,-0.730811,89.235931,19.400000
1000101022,4552,356,19,11,13,14,7,13,0.237019,-0.725570,89.238037,19.400000
1000101022,4555,357,19,11,13,14,7,16,0.235975,-0.724098,89.233986,19.400000
1000101022,4554,358,19,11,13,14,7,18,0.236909,-0.725845,89.238701,19.400000
1000101022,4552,359,19,11,13,14,7,21,0.237085,-0.726976,89.237282,19.400000
1000101022,4554,360,19,11,13,14,7,23,0.234108,-0.726141,89.239990,19.400000
1000101022,4528,361,19,11,13,14,7,27,0.296675,-0.777448,89.284691,19.400000
