UID,VBAT,DID,Y,M,D,H,M,S,X,Y,Z,T,CHECKSUM
1000101022,4328,0,2019,11,13,13,53,0,13.686091,-9.395837,73.950157,18.700000,78
1000101022,4333,1,2019,11,13,13,52,59,-5.779686,-16.901297,74.987930,19.000000,214
1000101022,4334,2,2019,11,13,13,53,1,-4.935895,-6.174700,55.242393,19.000000,17
1000101022,4313,3,2019,11,13,13,53,8,24.107456,16.430223,61.574776,19.100000,50
1000101022,4337,4,2019,11,13,13,53,10,24.504583,22.364662,50.688339,19.200000,89
1000101022,4342,5,2019,11,13,13,53,13,20.619291,23.346405,70.448631,19.200000,230
1000101022,4343,6,2019,11,13,13,53,15,15.713304,10.688903,60.401642,19.300000,189
1000101022,4348,7,2019,11,13,13,53,17,21.939959,5.857514,42.753021,19.300000,33
1000101022,4349,8,2019,11,13,13,53,20,29.890755,21.002581,81.039825,19.300000,143
1000101022,4330,9,2019,11,13,13,53,24,0.253367,-0.624716,89.577385,19.300000,124
1000101022,4355,10,2019,11,13,13,53,26,0.247093,-0.156555,89.729713,19.300000,5
1000101022,4361,11,2019,11,13,13,53,29,0.252620,-0.719956,89.217583,19.300000,1
1000101022,4363,12,2019,11,13,13,53,31,0.255905,-0.745873,89.217957,19.300000,46
1000101022,4366,13,2019,11,13,13,53,34,0.253015,-0.739138,89.216194,19.300000,10
1000101022,4369,14,2019,11,13,13,53,36,0.256234,-0.741478,89.215080,19.300000,111
1000101022,4372,15,2019,11,13,13,53,38,0.252828,-0.739764,89.218887,19.300000,154
1000101022,4377,16,2019,11,13,13,53,41,0.254938,-0.740182,89.216377,19.400000,157
1000101022,4378,17,2019,11,13,13,53,43,0.253268,-0.741808,89.215248,19.400000,35
1000101022,4383,18,2019,11,13,13,53,45,0.252235,-0.742203,89.217316,19.400000,143
1000101022,4384,19,2019,11,13,13,53,48,0.255663,-0.742764,89.216263,19.400000,180
1000101022,4387,20,2019,11,13,13,53,50,0.248928,-0.740281,89.217873,19.400000,34
1000101022,4392,21,2019,11,13,13,53,53,0.254465,-0.739698,89.216736,19.400000,127
1000101022,4395,22,2019,11,13,13,53,55,0.254136,-0.737567,89.216423,19.300000,28
1000101022,4398,23,2019,11,13,13,53,57,0.250389,-0.739808,89.216454,19.300000,168
1000101022,4401,24,2019,11,13,13,54,0,0.255037,-0.739424,89.216797,19.400000,14
1000101022,4404,25,2019,11,13,13,54,2,0.253619,-0.738655,89.215912,19.300000,76
1000101022,4408,26,2019,11,13,13,54,4,0.253696,-0.741302,89.216217,19.400000,248
1000101022,4410,27,2019,11,13,13,54,7,0.255696,-0.739918,89.215828,19.400000,209
1000101022,4414,28,2019,11,13,13,54,9,0.254806,-0.739127,89.217163,19.400000,245
1000101022,4416,29,2019,11,13,13,54,12,0.254235,-0.739523,89.219711,19.400000,45
1000101022,4419,30,2019,11,13,13,54,14,0.252235,-0.740435,89.217201,19.400000,20
1000101022,4422,31,2019,11,13,13,54,16,0.250994,-0.739512,89.219002,19.400000,15
1000101022,4425,32,2019,11,13,13,54,19,0.254487,-0.736985,89.218079,19.400000,38
1000101022,4427,33,2019,11,13,13,54,21,0.253356,-0.739281,89.217140,19.400000,196
1000101022,4433,34,2019,11,13,13,54,23,0.251719,-0.739028,89.217918,19.400000,171
1000101022,4434,35,2019,11,13,13,54,26,0.252455,-0.739523,89.215385,19.400000,144
1000101022,4437,36,2019,11,13,13,54,28,0.250763,-0.740709,89.215775,19.400000,193
1000101022,4440,37,2019,11,13,13,54,31,0.255399,-0.741566,89.216270,19.400000,27
1000101022,4443,38,2019,11,13,13,54,33,0.254312,-0.740775,89.215744,19.300000,225
1000101022,4445,39,2019,11,13,13,54,35,0.252576,-0.738710,89.218170,19.400000,28
1000101022,4448,40,2019,11,13,13,54,38,0.253081,-0.739105,89.217735,19.300000,86
1000101022,4452,41,2019,11,13,13,54,40,0.253927,-0.740006,89.217010,19.400000,137
1000101022,4454,42,2019,11,13,13,54,43,0.256739,-0.740347,89.217407,19.300000,240
1000101022,4458,43,2019,11,13,13,54,45,0.254751,-0.739688,89.221931,19.400000,65
1000101022,4461,44,2019,11,13,13,54,47,0.255696,-0.738545,89.217323,19.400000,38
1000101022,4464,45,2019,11,13,13,54,50,0.255531,-0.739094,89.217690,19.400000,116
1000101022,4466,46,2019,11,13,13,54,52,0.254465,-0.740325,89.218346,19.400000,250
1000101022,4467,47,2019,11,13,13,54,54,0.252916,-0.738083,89.218559,19.300000,7
1000101022,4470,48,2019,11,13,13,54,57,0.253235,-0.737589,89.216194,19.400000,34
1000101022,4473,49,2019,11,13,13,54,59,0.253740,-0.738369,89.217857,19.300000,216
1000101022,4475,50,2019,11,13,13,55,2,0.254147,-0.740720,89.218086,19.300000,3
1000101022,4480,51,2019,11,13,13,55,4,0.257563,-0.740424,89.218437,19.400000,56
1000101022,4481,52,2019,11,13,13,55,6,0.254158,-0.741006,89.220207,19.300000,203
1000101022,4484,53,2019,11,13,13,55,9,0.254191,-0.740907,89.218117,19.400000,240
1000101022,4484,54,2019,11,13,13,55,11,0.253729,-0.738534,89.217201,19.400000,5
1000101022,4489,55,2019,11,13,13,55,13,0.253828,-0.737084,89.218895,19.400000,143
1000101022,4490,56,2019,11,13,13,55,16,0.254026,-0.739303,89.216927,19.400000,150
1000101022,4490,57,2019,11,13,13,55,18,0.252751,-0.740391,89.219200,19.400000,205
1000101022,4493,58,2019,11,13,13,55,21,0.255454,-0.739138,89.218330,19.300000,98
1000101022,4495,59,2019,11,13,13,55,23,0.252872,-0.737249,89.217094,19.300000,88
1000101022,4498,60,2019,11,13,13,55,25,0.255125,-0.737260,89.218956,19.400000,4
1000101022,4498,61,2019,11,13,13,55,28,0.255223,-0.737216,89.216072,19.400000,185
1000101022,4499,62,2019,11,13,13,55,30,0.251862,-0.740237,89.217682,19.300000,171
1000101022,4502,63,2019,11,13,13,55,32,0.252806,-0.739127,89.218575,19.300000,174
1000101022,4504,64,2019,11,13,13,55,35,0.253015,-0.740446,89.219620,19.300000,68
1000101022,4507,65,2019,11,13,13,55,37,0.255553,-0.738721,89.216942,19.300000,14
1000101022,4507,66,2019,11,13,13,55,40,0.255245,-0.738534,89.218628,19.300000,135
1000101022,4508,67,2019,11,13,13,55,42,0.253257,-0.738501,89.218895,19.400000,233
1000101022,4510,68,2019,11,13,13,55,44,0.254938,-0.738743,89.217545,19.300000,48
1000101022,4511,69,2019,11,13,13,55,47,0.253938,-0.739127,89.219101,19.400000,159
1000101022,4511,70,2019,11,13,13,55,49,0.255981,-0.739622,89.220665,19.400000,173
1000101022,4513,71,2019,11,13,13,55,51,0.254971,-0.736216,89.219803,19.300000,160
1000101022,4514,72,2019,11,13,13,55,54,0.252949,-0.735919,89.220253,19.300000,108
1000101022,4517,73,2019,11,13,13,55,56,0.253422,-0.738336,89.218658,19.400000,49
1000101022,4519,74,2019,11,13,13,55,59,0.254696,-0.737600,89.215775,19.300000,242
1000101022,4519,75,2019,11,13,13,56,1,0.253993,-0.735974,89.219063,19.300000,20
1000101022,4520,76,2019,11,13,13,56,3,0.251916,-0.739017,89.218040,19.300000,191
1000101022,4522,77,2019,11,13,13,56,6,0.253564,-0.738380,89.218735,19.400000,190
1000101022,4522,78,2019,11,13,13,56,8,0.251136,-0.738073,89.219048,19.300000,41
1000101022,4522,79,2019,11,13,13,56,10,0.253663,-0.737183,89.218842,19.300000,179
1000101022,4525,80,2019,11,13,13,56,13,0.252982,-0.737721,89.217751,19.300000,71
1000101022,4525,81,2019,11,13,13,56,15,0.251960,-0.738589,89.218231,19.300000,187
1000101022,4528,82,2019,11,13,13,56,18,0.250356,-0.737380,89.217911,19.300000,249
1000101022,4528,83,2019,11,13,13,56,20,0.251169,-0.739116,89.217201,19.300000,163
1000101022,4528,84,2019,11,13,13,56,22,0.252740,-0.738896,89.217003,19.300000,248
1000101022,4530,85,2019,11,13,13,56,25,0.252180,-0.737347,89.218597,19.300000,253
1000101022,4531,86,2019,11,13,13,56,27,0.254202,-0.738940,89.220222,19.300000,154
1000101022,4530,87,2019,11,13,13,56,29,0.255278,-0.738611,89.218079,19.300000,135
1000101022,4533,88,2019,11,13,13,56,32,0.256333,-0.736216,89.218239,19.400000,185
1000101022,4533,89,2019,11,13,13,56,34,0.253597,-0.740050,89.220802,19.300000,47
1000101022,4533,90,2019,11,13,13,56,37,0.253477,-0.737446,89.217781,19.300000,157
1000101022,4533,91,2019,11,13,13,56,39,0.465974,-0.744302,88.688759,19.400000,136
1000101022,4534,92,2019,11,13,13,56,41,0.642382,-0.738292,89.149544,19.300000,62
1000101022,4534,93,2019,11,13,13,56,44,0.287886,-0.738962,89.216385,19.300000,15
1000101022,4536,94,2019,11,13,13,56,46,0.263408,-0.739567,89.215569,19.400000,104
1000101022,4536,95,2019,11,13,13,56,49,0.254817,-0.736403,89.217346,19.300000,237
1000101022,4537,96,2019,11,13,13,56,51,0.255696,-0.736589,89.220779,19.300000,40
1000101022,4537,97,2019,11,13,13,56,53,0.255234,-0.738303,89.220497,19.300000,225
1000101022,4537,98,2019,11,13,13,56,56,0.253850,-0.737677,89.218178,19.300000,138
1000101022,4539,99,2019,11,13,13,56,58,0.255344,-0.738062,89.216934,19.300000,97
1000101022,4540,100,2019,11,13,13,57,0,0.254894,-0.739896,89.219368,19.300000,229
1000101022,4540,101,2019,11,13,13,57,3,0.254026,-0.737743,89.216347,19.300000,231
1000101022,4540,102,2019,11,13,13,57,5,0.253740,-0.738457,89.217247,19.300000,131
1000101022,4540,103,2019,11,13,13,57,7,0.251785,-0.736194,89.218155,19.300000,17
1000101022,4542,104,2019,11,13,13,57,10,0.251993,-0.737380,89.217575,19.300000,250
1000101022,4543,105,2019,11,13,13,57,12,0.252015,-0.736963,89.221016,19.300000,192
1000101022,4543,106,2019,11,13,13,57,15,0.252686,-0.737732,89.221733,19.300000,192
1000101022,4545,107,2019,11,13,13,57,17,0.252312,-0.737325,89.221153,19.300000,25
1000101022,4543,108,2019,11,13,13,57,19,0.254531,-0.737633,89.216393,19.400000,216
1000101022,4543,109,2019,11,13,13,57,22,0.255850,-0.738721,89.218330,19.300000,167
1000101022,4546,110,2019,11,13,13,57,24,0.253597,-0.738831,89.218430,19.300000,42
1000101022,4546,111,2019,11,13,13,57,27,0.250631,-0.741357,89.219193,19.300000,21
1000101022,4545,112,2019,11,13,13,57,29,0.253817,-0.738270,89.217178,19.300000,176
1000101022,4546,113,2019,11,13,13,57,31,0.253334,-0.736436,89.217186,19.300000,111
1000101022,4546,114,2019,11,13,13,57,34,0.253367,-0.738051,89.221573,19.300000,33
1000101022,4546,115,2019,11,13,13,57,36,0.252960,-0.736183,89.217903,19.300000,178
1000101022,4549,116,2019,11,13,13,57,38,0.254180,-0.737721,89.219719,19.300000,172
1000101022,4549,117,2019,11,13,13,57,41,0.254740,-0.738721,89.218948,19.300000,85
1000101022,4549,118,2019,11,13,13,57,43,0.251093,-0.738600,89.218681,19.300000,25
1000101022,4548,119,2019,11,13,13,57,46,0.253784,-0.736468,89.219955,19.300000,105
1000101022,4549,120,2019,11,13,13,57,48,0.250796,-0.739567,89.219803,19.300000,116
1000101022,4549,121,2019,11,13,13,57,50,0.256366,-0.738424,89.218834,19.400000,212
1000101022,4549,122,2019,11,13,13,57,53,0.253488,-0.737095,89.219315,19.300000,185
1000101022,4549,123,2019,11,13,13,57,55,0.255037,-0.736271,89.217766,19.300000,54
1000101022,4549,124,2019,11,13,13,57,57,0.253729,-0.737172,89.217308,19.300000,38
1000101022,4549,125,2019,11,13,13,58,0,0.251653,-0.737732,89.218941,19.300000,35
1000101022,4551,126,2019,11,13,13,58,2,0.251642,-0.739292,89.220161,19.300000,186
1000101022,4549,127,2019,11,13,13,58,5,0.253861,-0.738754,89.218063,19.300000,34
1000101022,4551,128,2019,11,13,13,58,7,0.253608,-0.736567,89.217522,19.300000,44
1000101022,4551,129,2019,11,13,13,58,9,0.256234,-0.737457,89.217407,19.300000,197
1000101022,4551,130,2019,11,13,13,58,12,0.252114,-0.738512,89.217445,19.300000,59
1000101022,4552,131,2019,11,13,13,58,14,0.254916,-0.739622,89.220085,19.300000,157
1000101022,4554,132,2019,11,13,13,58,16,0.249642,-0.739017,89.219910,19.300000,136
1000101022,4552,133,2019,11,13,13,58,19,0.253872,-0.738270,89.221527,19.300000,217
1000101022,4552,134,2019,11,13,13,58,21,0.251873,-0.739545,89.218109,19.300000,208
1000101022,4554,135,2019,11,13,13,58,24,0.251158,-0.735732,89.218658,19.300000,114
1000101022,4554,136,2019,11,13,13,58,26,0.255278,-0.738567,89.217384,19.300000,229
1000101022,4554,137,2019,11,13,13,58,28,0.252708,-0.737523,89.220367,19.300000,183
1000101022,4555,138,2019,11,13,13,58,31,0.253510,-0.736996,89.219498,19.300000,187
1000101022,4554,139,2019,11,13,13,58,33,0.253652,-0.737084,89.218269,19.300000,207
1000101022,4554,140,2019,11,13,13,58,36,0.251554,-0.736677,89.219475,19.300000,13
1000101022,4554,141,2019,11,13,13,58,38,0.254718,-0.741401,89.218811,19.300000,243
1000101022,4555,142,2019,11,13,13,58,40,0.252235,-0.736963,89.219078,19.300000,132
1000101022,4555,143,2019,11,13,13,58,43,0.251949,-0.737842,89.219231,19.300000,216
1000101022,4555,144,2019,11,13,13,58,45,0.250708,-0.737996,89.219727,19.300000,224
1000101022,4554,145,2019,11,13,13,58,47,0.254421,-0.738864,89.218208,19.300000,58
1000101022,4555,146,2019,11,13,13,58,50,0.252224,-0.737358,89.218712,19.300000,76
1000101022,4555,147,2019,11,13,13,58,52,0.254268,-0.738710,89.220490,19.300000,210
1000101022,4554,148,2019,11,13,13,58,55,0.253521,-0.739083,89.218315,19.300000,148
1000101022,4555,149,2019,11,13,13,58,57,0.254586,-0.737633,89.219360,19.300000,1
1000101022,4555,150,2019,11,13,13,58,59,0.254773,-0.737029,89.219208,19.300000,208
1000101022,4555,151,2019,11,13,13,59,2,0.252224,-0.738281,89.219322,19.300000,144
1000101022,4555,152,2019,11,13,13,59,4,0.253663,-0.738578,89.219299,19.300000,151
1000101022,4555,153,2019,11,13,13,59,6,0.251620,-0.737996,89.220444,19.300000,138
1000101022,4555,154,2019,11,13,13,59,9,0.253378,-0.736655,89.219604,19.300000,236
1000101022,4555,155,2019,11,13,13,59,11,0.254465,-0.738325,89.219406,19.300000,207
1000101022,4557,156,2019,11,13,13,59,14,0.254674,-0.739303,89.218819,19.300000,2
1000101022,4555,157,2019,11,13,13,59,16,0.254015,-0.736919,89.219856,19.300000,219
1000101022,4557,158,2019,11,13,13,59,18,0.256003,-0.737479,89.219437,19.300000,114
1000101022,4555,159,2019,11,13,13,59,21,0.254872,-0.738149,89.218155,19.300000,151
1000101022,4555,160,2019,11,13,13,59,23,0.254257,-0.738984,89.219147,19.300000,147
1000101022,4555,161,2019,11,13,13,59,25,0.255740,-0.737941,89.219215,19.300000,138
1000101022,4555,162,2019,11,13,13,59,28,0.254399,-0.737996,89.220901,19.300000,14
1000101022,4557,163,2019,11,13,13,59,30,0.253488,-0.737809,89.220505,19.300000,137
1000101022,4555,164,2019,11,13,13,59,33,0.254553,-0.738105,89.221756,19.300000,242
1000101022,4555,165,2019,11,13,13,59,35,0.254564,-0.737644,89.219681,19.300000,150
1000101022,4555,166,2019,11,13,13,59,37,0.256278,-0.737292,89.219810,19.300000,184
1000101022,4557,167,2019,11,13,13,59,40,-0.087407,-0.727614,83.199013,19.300000,27
1000101022,4555,168,2019,11,13,13,59,42,-21.554522,-0.616322,60.143673,19.300000,239
1000101022,4555,169,2019,11,13,13,59,44,-29.989206,-0.597074,60.171719,19.300000,17
1000101022,4555,170,2019,11,13,13,59,47,-29.877285,-0.596151,60.117207,19.300000,125
1000101022,4555,171,2019,11,13,13,59,49,-29.878922,-0.597184,60.118294,19.300000,196
1000101022,4555,172,2019,11,13,13,59,52,-29.874569,-0.596580,60.113728,19.300000,95
1000101022,4531,173,2019,11,13,13,59,56,-44.837475,-0.488134,38.032169,19.300000,7
1000101022,4554,174,2019,11,13,13,59,58,-61.819088,-0.399628,27.830376,19.300000,197
1000101022,4554,175,2019,11,13,14,0,1,-62.795387,-0.400408,28.605623,19.300000,79
1000101022,4554,176,2019,11,13,14,0,3,-60.358082,-0.415338,30.068125,19.300000,238
1000101022,4555,177,2019,11,13,14,0,5,-59.925667,-0.416602,30.071844,19.300000,206
1000101022,4555,178,2019,11,13,14,0,8,-59.924004,-0.416305,30.069099,19.300000,252
1000101022,4555,179,2019,11,13,14,0,10,-59.923664,-0.415580,30.069304,19.300000,131
1000101022,4554,180,2019,11,13,14,0,13,-65.090149,-0.364548,19.848343,19.300000,91
1000101022,4554,181,2019,11,13,14,0,15,-74.557968,-0.319351,13.156552,19.300000,237
1000101022,4555,182,2019,11,13,14,0,17,-81.966057,-0.278317,5.912795,19.300000,70
1000101022,4555,183,2019,11,13,14,0,20,-86.539040,-0.251927,1.478430,19.300000,165
1000101022,4555,184,2019,11,13,14,0,22,-89.403366,-0.243325,0.158148,19.300000,95
1000101022,4555,185,2019,11,13,14,0,25,-89.745224,-0.244490,0.074191,19.300000,70
1000101022,4555,186,2019,11,13,14,0,27,-89.750305,-0.240502,0.076080,19.300000,249
1000101022,4555,187,2019,11,13,14,0,29,-89.751389,-0.241831,0.076124,19.300000,35
1000101022,4554,188,2019,11,13,14,0,32,-89.750656,-0.241062,-4.134892,19.300000,172
1000101022,4557,189,2019,11,13,14,0,34,-72.322693,-0.150535,-26.568054,19.300000,135
1000101022,4555,190,2019,11,13,14,0,36,-59.452164,-0.124893,-31.080372,19.300000,191
1000101022,4555,191,2019,11,13,14,0,39,-60.308697,-0.129562,-29.733179,19.300000,219
1000101022,4555,192,2019,11,13,14,0,41,-60.181389,-0.129474,-29.829710,19.300000,97
1000101022,4557,193,2019,11,13,14,0,44,-60.178673,-0.129792,-29.829458,19.300000,66
1000101022,4555,194,2019,11,13,14,0,46,-60.175068,-0.129880,-29.825205,19.300000,108
1000101022,4557,195,2019,11,13,14,0,48,-60.175911,-0.131825,-29.830391,19.300000,201
1000101022,4557,196,2019,11,13,14,0,51,-54.904839,-0.111489,-45.467861,19.300000,92
1000101022,4555,197,2019,11,13,14,0,53,-31.258070,-0.109336,-60.754101,19.300000,187
1000101022,4555,198,2019,11,13,14,0,55,-28.124914,-0.110292,-61.950001,19.300000,61
1000101022,4555,199,2019,11,13,14,0,58,-28.053993,-0.111050,-61.951408,19.300000,42
1000101022,4555,200,2019,11,13,14,1,0,-28.470890,-0.111050,-60.749630,19.300000,212
1000101022,4554,201,2019,11,13,14,1,3,-30.391424,-0.107303,-59.531654,19.300000,186
1000101022,4555,202,2019,11,13,14,1,5,-30.371822,-0.109039,-59.634071,19.300000,74
1000101022,4555,203,2019,11,13,14,1,7,-30.373415,-0.107897,-59.632381,19.300000,101
1000101022,4555,204,2019,11,13,14,1,10,-30.366148,-0.107271,-59.633938,19.300000,219
1000101022,4555,205,2019,11,13,14,1,12,-28.517370,-0.117070,-69.903252,19.300000,215
1000101022,4557,206,2019,11,13,14,1,15,-14.281865,-0.147228,-82.478439,19.300000,230
1000101022,4555,207,2019,11,13,14,1,17,-1.847384,-0.185801,-89.385956,19.300000,230
1000101022,4555,208,2019,11,13,14,1,19,-0.560654,-0.183658,-89.436462,19.300000,33
1000101022,4555,209,2019,11,13,14,1,22,-0.539121,-0.182516,-89.435852,19.300000,93
1000101022,4555,210,2019,11,13,14,1,24,-0.538429,-0.184724,-89.435600,19.200000,237
1000101022,4555,211,2019,11,13,14,1,26,-0.540890,-0.183582,-89.434906,19.300000,18
1000101022,4557,212,2019,11,13,14,1,29,-0.538462,-0.183054,-89.438210,19.300000,220
1000101022,4555,213,2019,11,13,14,1,31,-0.538033,-0.182823,-89.437271,19.300000,201
1000101022,4555,214,2019,11,13,14,1,34,-0.537144,-0.187042,-89.435181,19.300000,230
1000101022,4557,215,2019,11,13,14,1,36,-0.541033,-0.183669,-89.454987,19.300000,152
1000101022,4555,216,2019,11,13,14,1,38,4.570533,-0.227263,-75.292175,19.300000,88
1000101022,4555,217,2019,11,13,14,1,41,22.154896,-0.299553,-64.239388,19.300000,176
1000101022,4555,218,2019,11,13,14,1,43,29.174940,-0.333842,-60.714031,19.300000,229
1000101022,4555,219,2019,11,13,14,1,45,29.374777,-0.332985,-60.623444,19.300000,125
1000101022,4555,220,2019,11,13,14,1,48,29.372137,-0.333424,-60.626263,19.300000,165
1000101022,4555,221,2019,11,13,14,1,50,29.371880,-0.333501,-60.621941,19.300000,47
1000101022,4555,222,2019,11,13,14,1,53,34.364265,-0.396123,-43.863022,19.300000,153
1000101022,4555,223,2019,11,13,14,1,55,61.653275,-0.531255,-27.739412,19.300000,154
1000101022,4555,224,2019,11,13,14,1,57,61.035072,-0.519873,-29.902458,19.300000,170
1000101022,4554,225,2019,11,13,14,2,0,59.311192,-0.512633,-30.712000,19.300000,247
1000101022,4555,226,2019,11,13,14,2,2,59.328079,-0.511073,-30.664875,19.300000,18
1000101022,4557,227,2019,11,13,14,2,4,59.333450,-0.511952,-30.662416,19.300000,162
1000101022,4555,228,2019,11,13,14,2,7,59.332314,-0.511655,-30.665319,19.300000,217
1000101022,4555,229,2019,11,13,14,2,9,59.331596,-0.512919,-30.663809,19.300000,39
1000101022,4555,230,2019,11,13,14,2,12,69.526299,-0.606138,-8.703277,19.300000,123
1000101022,4555,231,2019,11,13,14,2,14,85.961021,-0.660421,-2.057003,19.300000,196
1000101022,4555,232,2019,11,13,14,2,16,88.794655,-0.672231,-0.715990,19.300000,43
1000101022,4555,233,2019,11,13,14,2,19,89.035019,-0.673330,-0.647216,19.300000,211
1000101022,4555,234,2019,11,13,14,2,21,89.070419,-0.673923,-0.641118,19.300000,139
1000101022,4555,235,2019,11,13,14,2,24,89.072845,-0.674165,-0.640382,19.300000,108
1000101022,4555,236,2019,11,13,14,2,26,89.073349,-0.671770,-0.641250,19.300000,245
1000101022,4557,237,2019,11,13,14,2,28,89.075348,-0.684294,7.452917,19.300000,23
1000101022,4555,238,2019,11,13,14,2,31,64.623749,-0.775129,28.117367,19.300000,71
1000101022,4555,239,2019,11,13,14,2,33,60.517914,-0.780842,29.374493,19.300000,45
1000101022,4557,240,2019,11,13,14,2,35,60.548607,-0.779502,29.435301,19.300000,215
1000101022,4555,241,2019,11,13,14,2,38,60.544636,-0.780359,29.438692,19.300000,238
1000101022,4557,242,2019,11,13,14,2,40,60.545910,-0.779117,29.438906,19.300000,215
1000101022,4557,243,2019,11,13,14,2,43,60.546860,-0.780853,29.439173,19.300000,8
1000101022,4555,244,2019,11,13,14,2,45,57.934391,-0.792817,43.931274,19.300000,157
1000101022,4557,245,2019,11,13,14,2,47,32.668865,-0.803562,58.206352,19.300000,122
1000101022,4555,246,2019,11,13,14,2,50,30.560902,-0.804902,59.541996,19.300000,53
1000101022,4555,247,2019,11,13,14,2,52,30.424713,-0.804771,59.559292,19.300000,137
1000101022,4555,248,2019,11,13,14,2,54,30.424812,-0.804353,59.558937,19.300000,55
1000101022,4555,249,2019,11,13,14,2,57,30.423956,-0.803639,59.559437,19.300000,246
1000101022,4555,250,2019,11,13,14,2,59,29.043245,-0.803892,64.226593,19.300000,146
1000101022,4555,251,2019,11,13,14,3,2,13.241278,-0.767120,82.431892,19.300000,156
1000101022,4555,252,2019,11,13,14,3,4,4.491124,-0.744697,87.622375,19.300000,130
1000101022,4555,253,2019,11,13,14,3,6,0.480081,-0.735546,89.214737,19.300000,148
1000101022,4555,254,2019,11,13,14,3,9,0.254586,-0.736062,89.221161,19.300000,188
1000101022,4555,255,2019,11,13,14,3,11,0.256487,-0.736458,89.220322,19.300000,118
1000101022,4557,256,2019,11,13,14,3,13,0.254861,-0.736666,89.219559,19.300000,108
1000101022,4555,257,2019,11,13,14,3,16,0.252653,-0.738787,89.217606,19.300000,125
1000101022,4557,258,2019,11,13,14,3,18,0.253982,-0.737611,89.220596,19.300000,17
1000101022,4555,259,2019,11,13,14,3,21,0.255520,-0.738105,89.221130,19.300000,38
1000101022,4555,260,2019,11,13,14,3,23,0.252927,-0.733865,89.212341,19.300000,227
1000101022,4530,261,2019,11,13,14,3,27,-0.581814,-0.723505,89.239449,19.300000,169
1000101022,4554,262,2019,11,13,14,3,30,0.227384,-0.724219,89.238396,19.300000,168
1000101022,4555,263,2019,11,13,14,3,32,0.238469,-0.727899,89.235069,19.300000,224
1000101022,4554,264,2019,11,13,14,3,35,0.236602,-0.725164,89.232857,19.300000,46
1000101022,4552,265,2019,11,13,14,3,37,0.235020,-0.791027,89.209915,19.300000,124
1000101022,4554,266,2019,11,13,14,3,39,0.237711,-0.726954,89.233635,19.300000,193
1000101022,4555,267,2019,11,13,14,3,42,0.234053,-0.726427,89.236267,19.400000,44
1000101022,4554,268,2019,11,13,14,3,44,0.238381,-0.725812,89.235817,19.300000,147
1000101022,4554,269,2019,11,13,14,3,46,0.237535,-0.725317,89.233948,19.400000,69
1000101022,4554,270,2019,11,13,14,3,49,0.237360,-0.036552,86.644493,19.400000,63
1000101022,4554,271,2019,11,13,14,3,51,0.369547,21.898193,64.580376,19.400000,35
1000101022,4555,272,2019,11,13,14,3,54,0.434949,29.111141,60.716797,19.400000,187
1000101022,4554,273,2019,11,13,14,3,56,0.441002,29.438410,60.543571,19.400000,46
1000101022,4555,274,2019,11,13,14,3,58,0.439629,29.442745,60.544426,19.400000,123
1000101022,4554,275,2019,11,13,14,4,1,0.438333,29.445957,60.546169,19.400000,229
1000101022,4555,276,2019,11,13,14,4,3,0.438816,29.446648,60.543972,19.400000,235
1000101022,4552,277,2019,11,13,14,4,5,0.438420,29.445507,60.544537,19.400000,160
1000101022,4554,278,2019,11,13,14,4,8,0.468776,44.393734,40.173031,19.400000,214
1000101022,4552,279,2019,11,13,14,4,10,0.468984,61.916252,27.177158,19.400000,156
1000101022,4555,280,2019,11,13,14,4,13,0.465425,62.247662,28.399963,19.400000,38
1000101022,4552,281,2019,11,13,14,4,15,0.469896,59.884167,30.307320,19.500000,127
1000101022,4554,282,2019,11,13,14,4,17,0.474071,59.712677,30.276669,19.400000,67
1000101022,4554,283,2019,11,13,14,4,20,0.468710,59.711861,30.278879,19.400000,93
1000101022,4554,284,2019,11,13,14,4,22,0.473093,59.710476,30.276426,19.400000,59
1000101022,4555,285,2019,11,13,14,4,24,0.472346,59.713161,30.277519,19.500000,77
1000101022,4554,286,2019,11,13,14,4,27,0.472885,59.710911,30.278902,19.500000,232
1000101022,4554,287,2019,11,13,14,4,29,0.472797,59.864429,27.060625,19.500000,104
1000101022,4552,288,2019,11,13,14,4,32,0.407856,83.300537,3.389348,19.400000,161
1000101022,4554,289,2019,11,13,14,4,34,0.341301,89.033386,0.529376,19.400000,59
1000101022,4554,290,2019,11,13,14,4,36,0.335896,89.662338,-0.044308,19.400000,237
1000101022,4554,291,2019,11,13,14,4,39,0.333490,89.655342,-0.067950,19.400000,196
1000101022,4554,292,2019,11,13,14,4,41,0.333798,89.655746,-0.072279,19.400000,181
1000101022,4554,293,2019,11,13,14,4,44,0.333040,89.653618,-0.071993,19.500000,84
1000101022,4554,294,2019,11,13,14,4,46,0.330194,89.654579,-1.840990,19.400000,44
1000101022,4554,295,2019,11,13,14,4,48,0.217782,70.540474,-21.963474,19.500000,169
1000101022,4554,296,2019,11,13,14,4,51,0.141735,66.296379,-27.640594,19.400000,128
1000101022,4554,297,2019,11,13,14,4,53,0.033607,57.447414,-30.649158,19.400000,254
1000101022,4555,298,2019,11,13,14,4,55,0.071818,59.748711,-30.294144,19.500000,174
1000101022,4554,299,2019,11,13,14,4,58,0.071840,59.683128,-30.316500,19.500000,203
1000101022,4554,300,2019,11,13,14,5,0,0.071895,59.682926,-30.315193,19.500000,80
1000101022,4555,301,2019,11,13,14,5,3,0.073982,59.684109,-30.317905,19.400000,7
1000101022,4554,302,2019,11,13,14,5,5,0.070785,59.683323,-30.316898,19.400000,34
1000101022,4554,303,2019,11,13,14,5,7,-0.006833,46.119759,-49.641163,19.400000,114
1000101022,4554,304,2019,11,13,14,5,10,-0.225868,30.619385,-59.631783,19.400000,52
1000101022,4555,305,2019,11,13,14,5,12,-0.232504,29.770962,-60.280003,19.400000,156
1000101022,4552,306,2019,11,13,14,5,14,-0.236019,29.678108,-60.321514,19.400000,250
1000101022,4554,307,2019,11,13,14,5,17,-0.234327,29.678608,-60.320778,19.400000,100
1000101022,4552,308,2019,11,13,14,5,19,-0.241139,29.677336,-60.325260,19.400000,115
1000101022,4552,309,2019,11,13,14,5,22,-0.237491,29.676231,-60.325726,19.400000,28
1000101022,4554,310,2019,11,13,14,5,24,-0.261112,21.709265,-74.602753,19.400000,153
1000101022,4555,311,2019,11,13,14,5,26,-0.496780,1.025486,-89.198700,19.400000,251
1000101022,4554,312,2019,11,13,14,5,29,-0.512732,-0.037573,-89.467659,19.400000,28
1000101022,4555,313,2019,11,13,14,5,31,-0.515555,-0.192393,-89.454758,19.400000,66
1000101022,4554,314,2019,11,13,14,5,33,-0.516566,-0.193898,-89.450844,19.500000,112
1000101022,4554,315,2019,11,13,14,5,36,-0.515050,-0.196117,-89.453415,19.500000,58
1000101022,4554,316,2019,11,13,14,5,38,-0.515149,-0.193865,-89.453690,19.500000,52
1000101022,4552,317,2019,11,13,14,5,41,-0.517819,-0.198281,-89.451805,19.400000,140
1000101022,4554,318,2019,11,13,14,5,43,-0.538890,-8.113008,-75.346947,19.500000,44
1000101022,4555,319,2019,11,13,14,5,45,-0.708322,-30.224922,-59.770290,19.400000,15
1000101022,4555,320,2019,11,13,14,5,48,-0.707410,-29.966555,-60.016449,19.500000,42
1000101022,4554,321,2019,11,13,14,5,50,-0.707684,-29.992020,-60.004658,19.400000,111
1000101022,4554,322,2019,11,13,14,5,53,-0.709541,-29.993542,-60.004383,19.400000,152
1000101022,4555,323,2019,11,13,14,5,55,-0.708102,-29.990313,-60.002594,19.400000,8
1000101022,4554,324,2019,11,13,14,5,57,-0.710760,-29.991909,-60.002914,19.400000,237
1000101022,4554,325,2019,11,13,14,6,0,-0.710750,-34.096966,-50.962208,19.400000,5
1000101022,4555,326,2019,11,13,14,6,2,-0.768054,-55.213490,-33.937672,19.500000,138
1000101022,4555,327,2019,11,13,14,6,4,-0.768186,-59.628242,-30.281561,19.400000,12
1000101022,4554,328,2019,11,13,14,6,7,-0.768812,-59.723103,-30.272190,19.400000,188
1000101022,4554,329,2019,11,13,14,6,9,-0.768911,-59.727661,-30.267429,19.400000,159
1000101022,4555,330,2019,11,13,14,6,12,-0.766143,-59.729385,-30.266575,19.400000,91
1000101022,4555,331,2019,11,13,14,6,14,-0.768461,-59.727360,-29.680719,19.400000,111
1000101022,4554,332,2019,11,13,14,6,16,-0.731876,-81.070053,-3.546409,19.500000,75
1000101022,4554,333,2019,11,13,14,6,19,-0.661794,-89.297920,-0.375699,19.500000,124
1000101022,4554,334,2019,11,13,14,6,21,-0.662564,-89.176826,-0.495176,19.400000,50
1000101022,4554,335,2019,11,13,14,6,23,-0.662080,-89.178619,-0.494703,19.400000,90
1000101022,4554,336,2019,11,13,14,6,26,-0.661619,-89.176476,-0.493594,19.400000,229
1000101022,4554,337,2019,11,13,14,6,28,-0.663223,-89.177940,-0.495341,19.400000,43
1000101022,4555,338,2019,11,13,14,6,31,-0.638932,-81.688431,14.483715,19.400000,143
1000101022,4555,339,2019,11,13,14,6,33,-0.443749,-62.487885,28.347763,19.400000,252
1000101022,4555,340,2019,11,13,14,6,35,-0.414822,-60.818161,29.274776,19.400000,141
1000101022,4555,341,2019,11,13,14,6,38,-0.414459,-60.669601,29.325865,19.400000,154
1000101022,4554,342,2019,11,13,14,6,40,-0.413624,-60.668118,29.326996,19.400000,143
1000101022,4554,343,2019,11,13,14,6,42,-0.411559,-60.666759,29.329813,19.400000,189
1000101022,4554,344,2019,11,13,14,6,45,-0.415822,-60.621262,32.015221,19.400000,37
1000101022,4554,345,2019,11,13,14,6,47,-0.182703,-34.420807,57.203465,19.400000,201
1000101022,4554,346,2019,11,13,14,6,50,-0.080332,-30.769316,59.154469,19.400000,129
1000101022,4554,347,2019,11,13,14,6,52,-0.080035,-30.773045,59.228718,19.400000,177
1000101022,4554,348,2019,11,13,14,6,54,-0.081815,-30.771795,59.228638,19.500000,115
1000101022,4554,349,2019,11,13,14,6,57,-0.083364,-30.771511,59.228088,19.400000,2
1000101022,4555,350,2019,11,13,14,6,59,-0.081760,-30.771776,59.224842,19.400000,252
1000101022,4554,351,2019,11,13,14,7,2,0.002834,-17.362984,78.170181,19.400000,24
1000101022,4555,352,2019,11,13,14,7,4,0.193392,-4.145844,86.744667,19.400000,35
1000101022,4554,353,2019,11,13,14,7,6,0.228032,-1.328214,89.029007,19.400000,79
1000101022,4555,354,2019,11,13,14,7,9,0.233613,-0.748444,89.217903,19.400000,44
1000101022,4555,355,2019,11,13,14,7,11,0.236217,-0.730811,89.235931,19.400000,252
1000101022,4552,356,2019,11,13,14,7,13,0.237019,-0.725570,89.238037,19.400000,67
1000101022,4555,357,2019,11,13,14,7,16,0.235975,-0.724098,89.233986,19.400000,157
1000101022,4554,358,2019,11,13,14,7,18,0.236909,-0.725845,89.238701,19.400000,134
1000101022,4552,359,2019,11,13,14,7,21,0.237085,-0.726976,89.237282,19.400000,128
1000101022,4554,360,2019,11,13,14,7,23,0.234108,-0.726141,89.239990,19.400000,124
1000101022,4528,361,2019,11,13,14,7,27,0.296675,-0.777448,89.284691,19.400000,127
1000101022,4549,362,2019,11,13,14,7,30,0.217068,-0.829742,88.848244,19.400000,178
1000101022,4551,363,2019,11,13,14,7,32,1.622571,-1.325435,87.497162,19.400000,241
1000101022,4551,364,2019,11,13,14,7,34,3.425801,-2.083810,85.853783,19.400000,224
1000101022,4552,365,2019,11,13,14,7,37,3.564976,-2.129172,85.861626,19.400000,7
1000101022,4552,366,2019,11,13,14,7,39,-0.173947,-0.500394,88.212845,19.500000,175
1000101022,4551,367,2019,11,13,14,7,42,-0.001252,-0.705520,89.263741,19.500000,127
1000101022,4552,368,2019,11,13,14,7,44,0.235074,-0.708146,89.193100,19.500000,22
1000101022,4554,369,2019,11,13,14,7,46,0.426127,-0.748960,89.033211,19.500000,186
1000101022,4552,370,2019,11,13,14,7,49,0.641547,-0.788093,88.982002,19.600000,238
1000101022,4554,371,2019,11,13,14,7,51,0.639207,-0.788840,88.977341,19.500000,138
1000101022,4552,372,2019,11,13,14,7,53,0.648105,-0.790928,88.969017,19.600000,115
1000101022,4552,373,2019,11,13,14,7,56,0.580111,-1.069552,88.891861,19.600000,253
1000101022,4554,374,2019,11,13,14,7,58,0.651116,-0.808253,88.961967,19.600000,62
1000101022,4552,375,2019,11,13,14,8,1,0.658949,-0.792015,88.967018,19.600000,226
1000101022,4552,376,2019,11,13,14,8,3,0.661959,-0.792202,88.968109,19.600000,27
1000101022,4554,377,2019,11,13,14,8,5,0.659388,-0.791862,88.968948,19.600000,66
1000101022,4554,378,2019,11,13,14,8,8,0.663278,-0.790851,88.967606,19.600000,130
1000101022,4554,379,2019,11,13,14,8,10,0.660905,-0.790741,88.967323,19.600000,254
1000101022,4552,380,2019,11,13,14,8,12,0.660817,-0.791389,88.968666,19.600000,152
1000101022,4554,381,2019,11,13,14,8,15,0.662245,-0.792356,88.966125,19.700000,44
1000101022,4554,382,2019,11,13,14,8,17,0.662937,-0.789412,88.964439,19.700000,68
1000101022,4554,383,2019,11,13,14,8,20,0.665013,-0.790378,88.967575,19.700000,151
1000101022,4555,384,2019,11,13,14,8,22,0.663673,-0.790719,88.965126,19.700000,83
1000101022,4554,385,2019,11,13,14,8,24,0.662750,-0.791071,88.964539,19.700000,110
1000101022,4554,386,2019,11,13,14,8,27,0.662212,-0.790719,88.965904,19.700000,80
1000101022,4554,387,2019,11,13,14,8,29,0.667980,1.384552,83.618584,19.700000,138
1000101022,4555,388,2019,11,13,14,8,32,6.747254,21.816765,66.987213,19.700000,170
1000101022,4554,389,2019,11,13,14,8,34,6.980897,21.930641,65.634171,19.600000,228
1000101022,4554,390,2019,11,13,14,8,36,7.796919,25.814182,62.194172,19.700000,241
1000101022,4554,391,2019,11,13,14,8,39,8.513251,28.037600,60.411457,19.700000,215
1000101022,4555,392,2019,11,13,14,8,41,8.566517,28.107388,60.371758,19.700000,152
1000101022,4555,393,2019,11,13,14,8,43,8.564097,28.110235,60.380383,19.600000,176
1000101022,4554,394,2019,11,13,14,8,46,8.565691,28.110403,60.379372,19.700000,7
1000101022,4554,395,2019,11,13,14,8,48,8.851301,33.397945,49.397408,19.700000,42
1000101022,4554,396,2019,11,13,14,8,51,13.695378,56.219791,28.829784,19.700000,17
1000101022,4554,397,2019,11,13,14,8,53,14.283540,56.085239,30.140085,19.700000,99
1000101022,4554,398,2019,11,13,14,8,55,14.246807,56.012882,30.126047,19.700000,109
1000101022,4554,399,2019,11,13,14,8,58,14.242884,56.011803,30.123375,19.700000,23
1000101022,4555,400,2019,11,13,14,9,0,14.242334,56.009865,30.122795,19.700000,173
1000101022,4554,401,2019,11,13,14,9,2,14.804480,64.342415,14.255324,19.700000,228
1000101022,4555,402,2019,11,13,14,9,5,16.041424,73.635956,1.778269,19.700000,173
1000101022,4554,403,2019,11,13,14,9,7,16.023727,73.971992,0.036431,19.700000,86
1000101022,4555,404,2019,11,13,14,9,10,16.011110,73.982185,-0.218859,19.700000,150
1000101022,4555,405,2019,11,13,14,9,12,16.009123,73.978783,-0.221990,19.600000,70
1000101022,4554,406,2019,11,13,14,9,14,16.010635,73.978317,-0.223374,19.600000,105
1000101022,4555,407,2019,11,13,14,9,17,16.009989,73.981407,-0.223352,19.600000,16
1000101022,4555,408,2019,11,13,14,9,19,16.005148,73.447075,-9.720629,19.700000,150
1000101022,4554,409,2019,11,13,14,9,22,13.963701,57.974140,-28.458351,19.700000,177
1000101022,4555,410,2019,11,13,14,9,24,13.334933,56.258289,-30.435736,19.600000,53
1000101022,4554,411,2019,11,13,14,9,26,13.294666,56.160610,-30.477331,19.700000,55
1000101022,4555,412,2019,11,13,14,9,29,13.294013,56.159615,-30.477762,19.700000,96
1000101022,4554,413,2019,11,13,14,9,31,13.292235,56.159916,-30.476294,19.700000,106
1000101022,4555,414,2019,11,13,14,9,33,13.293481,56.160011,-30.473173,19.700000,207
1000101022,4555,415,2019,11,13,14,9,36,13.292831,56.158768,-30.476435,19.700000,68
1000101022,4555,416,2019,11,13,14,9,38,12.192658,44.861790,-48.989075,19.600000,15
1000101022,4554,417,2019,11,13,14,9,41,7.032191,27.949379,-61.028347,19.600000,4
1000101022,4554,418,2019,11,13,14,9,43,6.905388,28.017370,-60.998833,19.700000,237
1000101022,4554,419,2019,11,13,14,9,45,6.902519,28.015652,-60.995434,19.700000,106
1000101022,4554,420,2019,11,13,14,9,48,6.902599,28.017033,-60.996059,19.600000,64
1000101022,4555,421,2019,11,13,14,9,50,6.897953,28.016094,-60.994228,19.600000,251
1000101022,4555,422,2019,11,13,14,9,52,4.898034,14.390152,-81.636703,19.700000,242
1000101022,4554,423,2019,11,13,14,9,55,-0.356177,0.829786,-89.085770,19.600000,63
1000101022,4555,424,2019,11,13,14,9,57,-0.988187,-0.126057,-89.010834,19.700000,81
1000101022,4555,425,2019,11,13,14,10,0,-0.988605,-0.125750,-89.008797,19.700000,219
1000101022,4555,426,2019,11,13,14,10,2,-0.986781,-0.123640,-89.011154,19.600000,133
1000101022,4555,427,2019,11,13,14,10,4,-0.988396,-0.121300,-89.009705,19.700000,1
1000101022,4555,428,2019,11,13,14,10,7,-0.990253,-0.123695,-89.010223,19.700000,52
1000101022,4554,429,2019,11,13,14,10,9,-3.506715,-14.966428,-68.247932,19.600000,109
1000101022,4555,430,2019,11,13,14,10,12,-9.070922,-30.595360,-57.095505,19.600000,253
1000101022,4555,431,2019,11,13,14,10,14,-9.995298,-33.877335,-54.613758,19.600000,252
1000101022,4555,432,2019,11,13,14,10,16,-9.530307,-31.534594,-57.394321,19.700000,27
1000101022,4554,433,2019,11,13,14,10,19,-8.893028,-28.945946,-59.360214,19.600000,102
1000101022,4554,434,2019,11,13,14,10,21,-8.846309,-29.111099,-59.320866,19.700000,205
1000101022,4554,435,2019,11,13,14,10,23,-8.848676,-29.117289,-59.317726,19.600000,239
1000101022,4552,436,2019,11,13,14,10,26,-8.850572,-29.119062,-59.316746,19.600000,215
1000101022,4554,437,2019,11,13,14,10,28,-8.850238,-29.117987,-59.318565,19.700000,171
1000101022,4554,438,2019,11,13,14,10,31,-8.848883,-29.117832,-59.318832,19.600000,139
1000101022,4555,439,2019,11,13,14,10,33,-9.892735,-38.929581,-42.596104,19.600000,174
1000101022,4554,440,2019,11,13,14,10,35,-13.659595,-53.820160,-32.108227,19.700000,40
1000101022,4554,441,2019,11,13,14,10,38,-14.227629,-56.016731,-30.106297,19.600000,110
1000101022,4554,442,2019,11,13,14,10,40,-14.268818,-56.043625,-30.089764,19.600000,126
1000101022,4554,443,2019,11,13,14,10,42,-14.269431,-56.044849,-30.088039,19.600000,39
1000101022,4555,444,2019,11,13,14,10,45,-14.270972,-56.044006,-30.090256,19.600000,43
1000101022,4554,445,2019,11,13,14,10,47,-14.268579,-56.043941,-29.124987,19.600000,93
1000101022,4554,446,2019,11,13,14,10,50,-15.655590,-70.907730,-5.950554,19.600000,220
1000101022,4554,447,2019,11,13,14,10,52,-16.057529,-73.474190,-3.152571,19.600000,150
1000101022,4555,448,2019,11,13,14,10,54,-16.056181,-73.930511,-0.480201,19.600000,40
1000101022,4555,449,2019,11,13,14,10,57,-16.042452,-73.955780,-0.337808,19.600000,97
1000101022,4554,450,2019,11,13,14,10,59,-16.044243,-73.956108,-0.334797,19.600000,211
1000101022,4554,451,2019,11,13,14,11,1,-16.043842,-73.956665,-0.332369,19.600000,113
1000101022,4554,452,2019,11,13,14,11,4,-16.044815,-73.956795,-0.335226,19.600000,39
1000101022,4554,453,2019,11,13,14,11,6,-16.044413,-73.957954,1.822808,19.600000,200
1000101022,4555,454,2019,11,13,14,11,9,-15.010997,-62.713730,23.475908,19.600000,25
1000101022,4554,455,2019,11,13,14,11,11,-13.857485,-57.972263,29.059155,19.600000,224
1000101022,4554,456,2019,11,13,14,11,13,-13.499613,-57.024559,29.469944,19.600000,39
1000101022,4554,457,2019,11,13,14,11,16,-13.493040,-57.011944,29.470528,19.600000,237
1000101022,4554,458,2019,11,13,14,11,18,-13.490151,-57.010906,29.471037,19.600000,20
1000101022,4554,459,2019,11,13,14,11,21,-13.490399,-57.014462,29.471800,19.600000,106
1000101022,4554,460,2019,11,13,14,11,23,-13.490810,-57.011723,29.470520,19.600000,202
1000101022,4554,461,2019,11,13,14,11,25,-13.163751,-50.751495,42.781097,19.600000,173
1000101022,4555,462,2019,11,13,14,11,28,-8.046275,-31.808828,57.678856,19.600000,206
1000101022,4554,463,2019,11,13,14,11,30,-7.383936,-29.603664,59.331318,19.600000,109
1000101022,4554,464,2019,11,13,14,11,32,-7.356060,-29.557772,59.361217,19.600000,188
1000101022,4555,465,2019,11,13,14,11,35,-7.358006,-29.556370,59.361813,19.600000,8
1000101022,4554,466,2019,11,13,14,11,37,-7.356730,-29.554937,59.360664,19.600000,83
1000101022,4554,467,2019,11,13,14,11,40,-7.356921,-29.558113,59.361511,19.600000,14
1000101022,4555,468,2019,11,13,14,11,42,-6.990331,-23.279964,72.334709,19.600000,198
1000101022,4555,469,2019,11,13,14,11,44,0.095208,-2.202121,88.798126,19.600000,210
1000101022,4555,470,2019,11,13,14,11,47,0.675110,-0.809407,88.946350,19.600000,78
1000101022,4555,471,2019,11,13,14,11,49,0.686151,-0.791038,88.949944,19.600000,230
1000101022,4554,472,2019,11,13,14,11,51,0.680603,-0.792356,88.951019,19.600000,169
1000101022,4554,473,2019,11,13,14,11,54,0.684393,-0.792290,88.949554,19.600000,84
1000101022,4554,474,2019,11,13,14,11,56,0.680757,-0.791477,88.949028,19.600000,101
1000101022,4554,475,2019,11,13,14,11,59,0.686448,-0.792224,88.950836,19.600000,234
1000101022,4554,476,2019,11,13,14,12,1,0.686393,-0.789631,88.950691,19.600000,35
1000101022,4554,477,2019,11,13,14,12,3,0.687063,-0.791906,88.951385,19.600000,0
1000101022,4554,478,2019,11,13,14,12,6,0.685569,-0.791433,88.950485,19.600000,221
1000101022,4554,479,2019,11,13,14,12,8,0.683448,-0.791818,88.952835,19.600000,47
1000101022,4554,480,2019,11,13,14,12,11,0.522169,-0.762495,88.990356,19.600000,207
1000101022,4531,481,2019,11,13,14,12,15,-7.386362,-2.311644,85.592628,19.600000,228
1000101022,4551,482,2019,11,13,14,12,17,3.388129,-1.948722,80.732101,19.600000,157
1000101022,4551,483,2019,11,13,14,12,20,5.193600,-8.027396,79.949989,19.600000,105
1000101022,4551,484,2019,11,13,14,12,22,4.086837,-14.409959,75.174721,19.600000,32
1000101022,4528,485,2019,11,13,14,12,26,0.240425,-0.702213,89.253067,19.700000,227
1000101022,4549,486,2019,11,13,14,12,29,0.242479,-0.703301,89.255775,19.800000,97
1000101022,4549,487,2019,11,13,14,12,31,0.239568,-0.704729,89.256790,19.800000,55
1000101022,4549,488,2019,11,13,14,12,34,0.240414,-0.703894,87.651604,19.800000,46
1000101022,4525,489,2019,11,13,14,12,38,-0.390168,-88.753807,-1.191017,19.800000,50
